L0F63_004206-T1	UniRef90_A0A137P4Q3	0.433	745	418	0	62	806	40	778	3.379E-172	570
L0F63_005695-T1	UniRef90_A0A137PBP2	0.568	1257	534	0	7	1243	28	1284	0.000E+00	1365
L0F63_005696-T1	UniRef90_A0A367KMW3	0.313	240	164	0	16	254	5	244	1.227E-25	118
L0F63_005704-T1	UniRef90_A0A1Y2GSG6	0.371	264	155	0	6	269	67	314	9.585E-42	166
L0F63_005714-T1	UniRef90_A0A5N5QX37	0.622	347	130	0	1	347	85	430	1.523E-129	424
L0F63_005717-T1	UniRef90_A0A137NSV3	0.375	548	309	0	30	525	32	579	3.457E-99	345
L0F63_002390-T1	UniRef90_A0A137P7C5	0.455	344	181	0	106	438	178	521	8.337E-80	284
L0F63_002396-T1	UniRef90_A0A433QSG7	0.463	936	496	0	15	950	69	993	3.299E-242	782
L0F63_002397-T1	UniRef90_A0A1Y1Z987	0.592	260	99	0	78	320	49	308	1.301E-86	300
L0F63_002401-T1	UniRef90_A0A397JAQ5	0.657	476	162	0	48	519	48	523	3.936E-194	620
L0F63_001166-T1	UniRef90_A0A1Y1ZAC1	0.589	673	264	0	1	643	1	673	3.808E-242	766
L0F63_001173-T1	UniRef90_A0A139ACT9	0.533	329	118	0	1	253	94	422	9.723E-100	332
L0F63_004285-T1	UniRef90_A0A137PDE4	0.327	688	457	0	186	873	198	877	2.775E-97	354
L0F63_005761-T1	UniRef90_A0A1Y1XUE1	0.463	671	359	0	13	683	8	676	2.769E-171	562
L0F63_005774-T1	UniRef90_A0A137PAF8	0.588	430	177	0	7	436	10	439	1.871E-150	490
L0F63_005775-T1	UniRef90_A0A137PBA6	0.780	503	110	0	31	533	9	511	5.228E-257	802
L0F63_004332-T1	UniRef90_A0A397VGC8	0.615	270	104	0	4	273	26	295	5.791E-97	326
L0F63_004333-T1	UniRef90_A0A137PB05	0.616	344	125	0	2	328	5	348	4.935E-127	415
L0F63_004353-T1	UniRef90_A0A507BYE7	0.672	206	67	0	1	206	104	308	3.977E-81	277
L0F63_004363-T1	UniRef90_A0A838JF50	0.668	224	71	0	21	244	88	302	2.754E-88	299
L0F63_000066-T1	UniRef90_A0A137NYC0	0.545	698	309	0	31	728	6	686	1.158E-224	721
L0F63_000067-T1	UniRef90_A0A117M4P3	0.300	182	120	0	18	189	17	198	2.955E-15	85
L0F63_003015-T1	UniRef90_A0A4V1J540	0.770	329	75	0	1	328	1	329	2.518E-162	518
L0F63_003022-T1	UniRef90_A0A1Y1Y3Y9	0.857	836	119	0	3	838	7	842	0.000E+00	1484
L0F63_003028-T1	UniRef90_A0A4P9XJU3	0.361	942	591	0	9	934	4	945	1.468E-166	559
L0F63_003029-T1	UniRef90_A0A137PEJ2	0.401	1480	842	0	82	1487	152	1631	1.640E-314	1017
L0F63_007269-T1	UniRef90_A0A4P9ZZ52	0.628	218	79	0	1	218	49	262	5.913E-79	271
L0F63_007280-T1	UniRef90_I1BPB6	0.455	386	198	0	2	365	43	428	3.169E-92	317
L0F63_007284-T1	UniRef90_A0A7J7IZS2	0.687	436	121	0	53	438	84	519	3.070E-188	599
L0F63_007285-T1	UniRef90_A0A137NY94	0.720	122	34	0	3	124	182	303	4.238E-49	179
L0F63_007624-T1	UniRef90_D4GIM0	0.777	324	65	0	1	291	106	429	2.333E-162	515
L0F63_002144-T1	UniRef90_A0A137NYZ2	0.509	185	66	0	8	142	5	189	1.265E-45	178
L0F63_002145-T1	UniRef90_A0A137PFH7	0.710	481	139	0	7	485	42	522	3.900E-218	687
L0F63_002146-T1	UniRef90_A0A1Y1YMN1	0.484	571	259	0	34	535	19	589	9.511E-155	508
L0F63_002152-T1	UniRef90_UPI0015E163E6	0.422	115	65	0	21	135	33	146	4.090E-16	88
L0F63_002155-T1	UniRef90_A0A068RMT6	0.552	1361	607	0	1	1355	1	1361	0.000E+00	1427
L0F63_007647-T1	UniRef90_A0A1G9XFX3	0.872	359	46	0	1	359	472	830	2.557E-208	652
L0F63_000087-T1	UniRef90_A0A137PA13	0.679	885	276	0	10	869	14	898	0.000E+00	1195
L0F63_000092-T1	UniRef90_Q4P331	0.729	379	102	0	25	403	36	411	3.327E-175	559
L0F63_000095-T1	UniRef90_A0A137NU24	0.613	292	111	0	1	289	44	335	1.932E-105	351
L0F63_006866-T1	UniRef90_A0A2P8LLJ5	0.920	437	35	0	610	1046	1	437	5.883E-262	843
L0F63_006867-T1	UniRef90_A0A2P8LLJ8	0.932	435	30	0	1	435	1	435	2.666E-275	851
L0F63_007450-T1	UniRef90_A0A1Y1YHN7	0.673	609	194	0	2	610	57	649	3.828E-260	816
L0F63_007464-T1	UniRef90_A0A261Y0S7	0.748	434	106	0	6	439	4	426	2.332E-209	659
L0F63_007467-T1	UniRef90_A0A1Y1YW46	0.875	236	29	0	1	236	137	372	4.992E-134	431
L0F63_007479-T1	UniRef90_A0A1C7NG63	0.703	449	132	0	12	460	3	449	5.860E-200	634
L0F63_002403-T1	UniRef90_A0A1Y1Z0H3	0.380	413	247	0	5	417	37	435	6.648E-74	266
L0F63_003594-T1	UniRef90_A0A1Y1VK83	0.500	591	259	0	19	537	5	595	8.139E-165	548
L0F63_003602-T1	UniRef90_A0A137NXI8	0.349	741	380	0	56	640	14	754	3.136E-123	420
L0F63_003604-T1	UniRef90_A0A521R0X8	0.583	44	18	0	18	61	77	120	2.000E-04	53
L0F63_002134-T1	UniRef90_A0A137PGA7	0.390	253	109	0	11	190	92	344	1.008E-44	170
L0F63_003800-T1	UniRef90_A0A1Y2GGB6	0.513	870	408	0	3	872	34	871	6.543E-260	831
L0F63_003801-T1	UniRef90_A0A1Y1Z8L3	0.725	178	49	0	44	221	69	246	3.038E-75	262
L0F63_003802-T1	UniRef90_A0A137NQQ3	0.729	160	43	0	3	162	69	228	1.094E-68	238
L0F63_003805-T1	UniRef90_A0A137PFQ5	0.454	977	459	0	33	874	37	1013	6.413E-249	797
L0F63_003806-T1	UniRef90_A0A1Y2GZ19	0.525	492	228	0	34	525	23	504	6.440E-148	486
L0F63_000727-T1	UniRef90_A0A137P8Y3	0.610	305	118	0	19	321	65	369	8.376E-109	364
L0F63_002792-T1	UniRef90_S2JQW1	0.451	1055	529	0	36	1000	91	1145	1.788E-265	853
L0F63_002795-T1	UniRef90_A0A137PBY7	0.733	794	191	0	1	717	1	794	0.000E+00	1174
L0F63_002796-T1	UniRef90_A0A2G4SJL3	0.483	562	280	0	188	730	242	803	2.374E-146	498
L0F63_003605-T1	UniRef90_A0A433QGL8	0.395	88	51	0	3	90	60	144	3.346E-09	63
L0F63_003609-T1	UniRef90_A0A4Q0A1J6	0.641	620	218	0	137	756	1	608	2.786E-246	783
L0F63_005323-T1	UniRef90_A0A137PB82	0.656	971	322	0	121	1056	44	1014	0.000E+00	1258
L0F63_005329-T1	UniRef90_S8ABI8	0.355	487	277	0	18	447	119	605	1.499E-79	284
L0F63_005335-T1	UniRef90_A0A1Y1Z1B5	0.435	540	300	0	10	541	8	547	5.483E-124	418
L0F63_005337-T1	UniRef90_A0A4V1IYL2	0.385	484	294	0	1	479	10	493	2.236E-90	317
L0F63_001180-T1	UniRef90_A0A1V9YFU4	0.394	392	212	0	26	376	99	490	1.521E-74	266
L0F63_003671-T1	UniRef90_A0A1Y1YAN0	0.499	293	144	0	81	369	65	357	1.237E-76	273
L0F63_003684-T1	UniRef90_A0A1Y1Y4Y7	0.350	1627	962	0	7	1487	4	1630	1.887E-281	919
L0F63_003692-T1	UniRef90_A0A1Y1XT89	0.700	579	171	0	1	571	1	579	1.121E-259	812
L0F63_005473-T1	UniRef90_A0A6B2LB86	0.310	262	177	0	5	262	36	297	1.252E-28	127
L0F63_005479-T1	UniRef90_A0A1X2HJX8	0.418	263	152	0	215	477	81	343	6.931E-49	194
L0F63_007091-T1	UniRef90_A0A137NYB8	0.722	184	51	0	1	184	142	325	2.632E-79	270
L0F63_007095-T1	UniRef90_A0A1S6KZM4	0.392	80	38	0	1	64	2	81	3.881E-07	57
L0F63_007103-T1	UniRef90_A0A137P4S1	0.552	329	135	0	25	353	7	308	4.289E-103	347
L0F63_007115-T1	UniRef90_A0A1Y1YC91	0.416	441	211	0	1	441	1	363	1.009E-92	322
L0F63_003307-T1	UniRef90_A0A4P9ZRR9	0.586	660	271	0	147	806	17	671	1.779E-232	746
L0F63_003309-T1	UniRef90_A0A538RF64	0.342	514	303	0	29	489	19	532	8.556E-79	283
L0F63_003315-T1	UniRef90_A0A4P9XD04	0.547	687	302	0	74	760	51	718	9.311E-222	713
L0F63_003332-T1	UniRef90_A0A1C7NHA3	0.366	214	133	0	9	222	5	215	6.923E-31	133
L0F63_005050-T1	UniRef90_A0A137PGW6	0.560	1377	595	0	8	1360	7	1383	0.000E+00	1469
L0F63_005057-T1	UniRef90_A0A137P549	0.365	637	396	0	3	639	1	625	1.142E-111	386
L0F63_007367-T1	UniRef90_A0A1Y1XV45	0.662	214	68	0	3	216	374	576	3.389E-83	283
L0F63_007368-T1	UniRef90_A0A0E9NHF2	0.656	316	104	0	1	303	365	680	3.824E-126	411
L0F63_007376-T1	UniRef90_A0A137PD75	0.467	435	231	0	85	518	40	474	6.905E-108	370
L0F63_007377-T1	UniRef90_A0A0L0STR9	0.334	249	163	0	21	269	114	359	3.703E-31	135
L0F63_006105-T1	UniRef90_U9TDB4	0.708	1002	291	0	12	1013	41	1039	0.000E+00	1424
L0F63_000389-T1	UniRef90_A0A1Y1X8B6	0.533	712	325	0	1	696	21	732	3.235E-222	715
L0F63_000391-T1	UniRef90_A0A2T9YD65	0.547	1807	813	0	1	1807	1	1796	0.000E+00	1869
L0F63_000395-T1	UniRef90_A0A1Y1XS87	0.493	1130	541	0	73	1141	559	1688	9.140E-322	1025
L0F63_003491-T1	UniRef90_A0A137PHH6	0.723	172	47	0	3	174	93	261	1.484E-73	253
L0F63_003496-T1	UniRef90_A0A261XVC5	0.392	186	100	0	1	165	1370	1555	3.917E-30	127
L0F63_004497-T1	UniRef90_Q5PDE4	0.708	255	65	0	1	225	16	270	2.154E-111	364
L0F63_004498-T1	UniRef90_UPI00077B7019	0.821	777	133	0	1	745	1	777	0.000E+00	1314
L0F63_004501-T1	UniRef90_A0A6P8GAY7	0.454	1355	736	0	16	1364	3	1357	0.000E+00	1105
L0F63_004502-T1	UniRef90_A0A137PH66	0.424	291	167	0	1	291	163	453	7.184E-60	219
L0F63_003732-T1	UniRef90_A0A1Y1Y6P2	0.664	429	137	0	79	487	3	431	2.433E-175	566
L0F63_005484-T1	UniRef90_A0A137P1Q7	0.719	426	117	0	11	426	8	433	4.382E-195	617
L0F63_005503-T1	UniRef90_A0A2T7PN74	0.513	110	52	0	4	113	41	148	1.244E-24	108
L0F63_005511-T1	UniRef90_A0A2P4QDR7	0.615	175	66	0	2	176	62	234	1.803E-59	213
L0F63_007003-T1	UniRef90_A0A4P9XWF7	0.470	742	364	0	17	704	482	1223	3.950E-195	634
L0F63_007005-T1	UniRef90_A0A507F6X9	0.565	537	221	0	3	512	5	541	1.356E-180	582
L0F63_001134-T1	UniRef90_A0A137P549	0.301	510	348	0	1	499	1	510	3.516E-61	232
L0F63_001135-T1	UniRef90_A0A068RWI5	0.503	519	256	0	47	562	1	519	8.831E-147	485
L0F63_001142-T1	UniRef90_A0A1Y1Y913	0.573	918	387	0	50	957	57	974	1.663E-320	1009
L0F63_001144-T1	UniRef90_A0A1Y1Y4D0	0.661	408	135	0	5	404	6	413	8.387E-167	535
L0F63_006185-T1	UniRef90_UPI0009E48FB8	0.664	292	97	0	14	305	54	343	2.445E-117	386
L0F63_006195-T1	UniRef90_A0A137PGP9	0.539	935	420	0	28	940	7	941	9.093E-301	951
L0F63_006215-T1	UniRef90_A0A137PF29	0.550	650	292	0	50	698	40	689	1.082E-211	680
L0F63_006219-T1	UniRef90_A0A1Y1XYL6	0.686	335	105	0	1	335	92	426	5.112E-142	460
L0F63_006814-T1	UniRef90_A0A137PH40	0.512	1379	649	0	6	1336	12	1390	0.000E+00	1312
L0F63_006817-T1	UniRef90_A0A367KRH2	0.368	475	291	0	49	510	14	488	2.246E-81	292
L0F63_001259-T1	UniRef90_A0A137P1P4	0.838	107	17	0	1	107	1	107	2.255E-52	188
L0F63_001282-T1	UniRef90_A0A137NVS2	0.643	629	220	0	54	682	6	622	2.972E-250	797
L0F63_001306-T1	UniRef90_A0A163JMP6	0.520	689	318	0	42	705	32	720	2.736E-208	670
L0F63_001309-T1	UniRef90_A0A1Y1Y034	0.449	428	225	0	2	411	21	448	3.305E-101	346
L0F63_000871-T1	UniRef90_A0A367JTQ3	0.510	509	243	0	16	524	20	516	3.897E-147	484
L0F63_003481-T1	UniRef90_A0A137P4B3	0.758	244	54	0	1	225	118	361	6.531E-116	377
L0F63_003484-T1	UniRef90_A0A137PIK9	0.364	588	352	0	33	586	33	620	1.858E-101	355
L0F63_003486-T1	UniRef90_A0A1Y1Y124	0.485	448	223	0	19	452	4	451	1.905E-119	400
L0F63_003194-T1	UniRef90_A0A433DA59	0.503	287	131	0	1	265	32	318	6.965E-78	270
L0F63_003203-T1	UniRef90_A0A137PGU5	0.553	1215	536	0	19	1219	16	1230	0.000E+00	1275
L0F63_006089-T1	UniRef90_A0A137PBE0	0.852	412	60	0	1	409	1	412	1.325E-233	728
L0F63_006095-T1	UniRef90_A0A2H0P3Z2	0.532	187	83	0	12	190	3	189	3.549E-51	190
L0F63_006096-T1	UniRef90_A0A137PD84	0.524	229	106	0	116	338	94	322	7.362E-62	228
L0F63_006098-T1	UniRef90_A0A1X2HR23	0.690	2061	636	0	12	2072	43	2094	0.000E+00	2836
L0F63_001825-T1	UniRef90_UPI00187DBF09	0.567	303	128	0	21	323	41	337	1.494E-97	331
L0F63_002978-T1	UniRef90_A0A2X3CVH9	0.501	442	206	0	1108	1520	3	444	3.166E-112	412
L0F63_002979-T1	UniRef90_D8MKI2	0.849	277	41	0	727	999	13	289	2.726E-141	488
L0F63_002980-T1	UniRef90_UPI00178795D9	0.842	295	44	0	1	281	250	544	4.682E-159	515
L0F63_006058-T1	UniRef90_A0A137PHR2	0.812	290	52	0	1	278	1	290	3.536E-152	485
L0F63_006067-T1	UniRef90_A0A137P4M9	0.551	675	297	0	9	671	13	687	3.525E-221	708
L0F63_002207-T1	UniRef90_A0A397HM23	0.804	432	84	0	1	429	1	432	2.022E-228	714
L0F63_002208-T1	UniRef90_A0A519G7I5	0.325	547	355	0	157	703	236	762	4.208E-75	280
L0F63_002213-T1	UniRef90_A0A1Y1Y705	0.739	1059	274	0	1	1051	14	1072	0.000E+00	1582
L0F63_002223-T1	UniRef90_A0A3M7Q7E8	0.887	59	7	0	3	61	150	208	8.353E-27	111
L0F63_001073-T1	UniRef90_A0A5C7RG70	0.531	315	129	0	3	278	7	321	8.505E-94	317
L0F63_003257-T1	UniRef90_A0A137P6X3	0.411	172	98	0	9	175	130	301	7.051E-29	126
L0F63_003259-T1	UniRef90_A0A4P9ZZA9	0.608	639	246	0	1	628	56	694	1.550E-238	756
L0F63_003279-T1	UniRef90_A0A1Y1VV48	0.356	642	382	0	117	710	230	871	6.772E-103	375
L0F63_002424-T1	UniRef90_A0A507F0D4	0.361	489	302	0	71	544	61	549	1.349E-80	292
L0F63_002425-T1	UniRef90_A0A1Y1XZM8	0.459	356	187	0	61	416	30	376	2.950E-84	297
L0F63_006713-T1	UniRef90_A0A0L0B3M8	0.921	536	42	0	415	950	3	538	4.689E-317	1034
L0F63_006714-T1	UniRef90_A0A2G0YVU0	0.967	185	6	0	1	185	1	185	4.909E-117	379
L0F63_006715-T1	UniRef90_A0A5E6S8L7	0.946	443	23	0	10	452	10	445	5.922E-286	881
L0F63_006716-T1	UniRef90_A0A4Q3HXA4	0.897	137	14	0	1	137	1	137	1.793E-75	258
L0F63_006253-T1	UniRef90_A0A2P8L6U1	0.893	336	36	0	1	336	1	336	6.353E-200	627
L0F63_006858-T1	UniRef90_A0A137NX17	0.538	136	62	0	1	136	1	136	1.291E-35	141
L0F63_006861-T1	UniRef90_A0A197JFY9	0.781	69	15	0	2	70	193	261	5.068E-27	113
L0F63_006863-T1	UniRef90_A0A077WGN0	0.610	61	23	0	1	61	63	123	5.528E-14	76
L0F63_006294-T1	UniRef90_A0A4P9Z2K3	0.661	193	63	0	2	194	43	229	4.828E-74	255
L0F63_006302-T1	UniRef90_A0A1Y2GDD9	0.402	552	327	0	10	556	89	640	4.253E-112	383
L0F63_006305-T1	UniRef90_A0A1Y1VC66	0.474	399	199	0	30	408	44	442	2.073E-101	346
L0F63_006306-T1	UniRef90_A0A4P9XT59	0.278	1364	947	0	1	1364	1	1312	6.267E-155	539
L0F63_006313-T1	UniRef90_A0A137PGQ4	0.517	201	94	0	41	235	168	368	4.685E-53	197
L0F63_001838-T1	UniRef90_A0A4P9YTR3	0.501	369	178	0	7	363	108	476	8.268E-102	344
L0F63_001839-T1	UniRef90_A0A261Y789	0.659	1010	340	0	107	1105	66	1075	0.000E+00	1317
L0F63_001847-T1	UniRef90_A0A137P7L7	0.405	311	174	0	10	302	49	359	5.394E-60	220
L0F63_001851-T1	UniRef90_A0A137PCU7	0.447	563	294	0	184	715	161	723	9.665E-133	451
L0F63_001853-T1	UniRef90_A0A137P5L9	0.686	338	105	0	18	352	4	341	1.404E-138	464
L0F63_005624-T1	UniRef90_A0A137PGK0	0.798	535	108	0	1	535	2	536	2.275E-282	876
L0F63_005631-T1	UniRef90_A0A318CND0	0.594	763	307	0	5	767	1	757	2.103E-278	877
L0F63_000427-T1	UniRef90_A0A068RUJ7	0.472	347	182	0	6	351	5	351	5.738E-86	300
L0F63_000430-T1	UniRef90_A0A1Y1XZP4	0.505	542	247	0	4	503	50	591	3.398E-156	509
L0F63_000431-T1	UniRef90_A0A1Y1XZP4	0.583	568	233	0	20	579	27	594	1.683E-199	638
L0F63_000445-T1	UniRef90_A0A137PHQ5	0.554	572	244	0	8	579	23	571	8.809E-188	604
L0F63_004167-T1	UniRef90_A0A137NPM7	0.384	368	198	0	5	327	117	484	7.664E-67	241
L0F63_006339-T1	UniRef90_A0A1Y2GG04	0.478	152	77	0	33	184	98	245	7.909E-33	136
L0F63_006345-T1	UniRef90_A0A397UPF3	0.604	465	179	0	4	455	1	465	2.024E-169	547
L0F63_006346-T1	UniRef90_A0A1Y1YDV4	0.361	359	223	0	21	370	29	387	4.145E-57	216
L0F63_007289-T1	UniRef90_A0A167ASQ0	0.317	854	529	0	113	888	47	900	6.938E-119	418
L0F63_001937-T1	UniRef90_A0A137P9E9	0.409	330	173	0	14	306	8	337	1.865E-64	236
L0F63_001941-T1	UniRef90_A0A397SHU4	0.565	1062	440	0	5	1016	130	1191	0.000E+00	1146
L0F63_001942-T1	UniRef90_A0A1Y1YTW4	0.398	1116	641	0	17	1082	58	1173	3.826E-232	760
L0F63_001955-T1	UniRef90_A0A137PEQ7	0.697	441	129	0	1	427	85	525	1.476E-194	616
L0F63_001961-T1	UniRef90_A0A137P121	0.356	387	247	0	53	436	11	397	1.298E-60	228
L0F63_005254-T1	UniRef90_A0A015KTV1	0.394	297	166	0	5	301	11	285	6.679E-54	202
L0F63_001759-T1	UniRef90_A0A397UWV7	0.361	785	498	0	51	831	33	817	1.329E-136	467
L0F63_001774-T1	UniRef90_A0A137PFL0	0.683	335	105	0	40	374	12	343	2.215E-140	458
L0F63_001777-T1	UniRef90_A0A068S0U8	0.684	325	102	0	22	345	91	415	5.859E-137	445
L0F63_004487-T1	UniRef90_A0A0L0HK16	0.446	819	413	0	317	1062	295	1113	5.701E-196	653
L0F63_006426-T1	UniRef90_A0A1Y1XTK9	0.648	3925	1375	0	22	3946	9	3914	0.000E+00	5004
L0F63_006431-T1	UniRef90_A0A226E635	0.429	652	345	0	49	653	77	728	1.156E-146	494
L0F63_006433-T1	UniRef90_A0A137NXS2	0.690	180	47	0	1	154	59	238	3.735E-73	250
L0F63_006464-T1	UniRef90_A0A6A4W696	0.916	93	8	0	1	93	1	93	3.218E-50	181
L0F63_006466-T1	UniRef90_A0A497CJT7	0.245	228	125	0	4	169	102	329	6.572E-12	76
L0F63_007116-T1	UniRef90_A0A137P0Q2	0.272	329	212	0	36	327	69	397	3.598E-28	128
L0F63_001787-T1	UniRef90_A0A507C8F0	0.648	265	92	0	1	265	225	487	2.647E-102	341
L0F63_001794-T1	UniRef90_A0A068SEU1	0.696	483	144	0	5	487	6	479	1.962E-213	674
L0F63_001801-T1	UniRef90_A0A397HWX8	0.620	1079	407	0	2	1073	6	1084	0.000E+00	1305
L0F63_004382-T1	UniRef90_A0A1M2VXD7	0.425	1939	1021	0	3	1778	24	1962	0.000E+00	1442
L0F63_007159-T1	UniRef90_A0A1Y1YRG9	0.616	173	62	0	40	202	4	176	1.823E-58	211
L0F63_007170-T1	UniRef90_A0A367JU43	0.270	612	427	0	299	884	210	821	6.989E-58	232
L0F63_007180-T1	UniRef90_A0A137P722	0.524	527	247	0	20	538	21	547	4.438E-158	519
L0F63_007181-T1	UniRef90_A0A0L0HEN0	0.774	287	64	0	1	287	1	286	2.205E-141	455
L0F63_007214-T1	UniRef90_A0A137PBW2	0.463	734	387	0	95	816	47	780	1.982E-187	615
L0F63_007216-T1	UniRef90_A0A2Z6QKI3	0.490	545	272	0	8	541	1	545	8.067E-150	493
L0F63_007226-T1	UniRef90_A0A0L0STR9	0.321	272	181	0	5	272	88	359	2.503E-32	138
L0F63_007229-T1	UniRef90_A0A137NVF4	0.596	864	344	0	12	875	1	852	2.775E-316	996
L0F63_007247-T1	UniRef90_A0A137NZY5	0.409	467	246	0	1	418	1	467	2.322E-96	332
L0F63_005516-T1	UniRef90_A0A433QKK5	0.650	788	273	0	1	782	1	788	4.941E-324	1010
L0F63_005520-T1	UniRef90_A0A1X2H9H1	0.725	1168	318	0	3	1159	6	1173	0.000E+00	1706
L0F63_002235-T1	UniRef90_A0A137NTK5	0.886	170	19	0	6	174	38	207	1.929E-95	316
L0F63_002281-T1	UniRef90_A0A137P3B9	0.717	393	107	0	38	416	7	399	3.863E-178	568
L0F63_002298-T1	UniRef90_A0A137PCK6	0.637	259	82	0	1	226	1	259	3.126E-98	327
L0F63_002303-T1	UniRef90_A0A4P9XQG2	0.453	633	330	0	1	605	53	685	6.258E-156	515
L0F63_002819-T1	UniRef90_A0A1Y1XR13	0.436	957	539	0	80	1035	312	1268	7.111E-227	740
L0F63_004942-T1	UniRef90_A0A068RXT2	0.766	617	140	0	1	617	1	598	1.456E-310	962
L0F63_004973-T1	UniRef90_A0A397I771	0.425	361	190	0	26	357	53	413	7.420E-76	272
L0F63_004975-T1	UniRef90_A0A6M0AFC3	0.531	101	47	0	24	124	97	197	7.676E-23	104
L0F63_003293-T1	UniRef90_A0A397UMF0	0.581	1137	462	0	156	1292	6	1108	0.000E+00	1269
L0F63_003294-T1	UniRef90_A0A1Y1YTN8	0.406	441	252	0	4	428	15	455	4.871E-89	311
L0F63_006516-T1	UniRef90_E2EYZ6	0.497	149	71	0	3	145	182	330	5.618E-35	140
L0F63_006525-T1	UniRef90_A0A1X2G8B8	0.720	200	56	0	1	200	1	200	8.163E-87	292
L0F63_006528-T1	UniRef90_A0A137P3P7	0.778	568	126	0	1	568	1	567	5.104E-291	902
L0F63_006561-T1	UniRef90_A0A137NV41	0.435	348	185	0	28	375	28	355	4.096E-76	271
L0F63_006258-T1	UniRef90_A0A172Z0B1	0.859	301	42	0	9	309	1	301	8.483E-170	538
L0F63_001197-T1	UniRef90_A0A1X2HCH0	0.378	544	333	0	288	824	9	552	6.505E-95	346
L0F63_001201-T1	UniRef90_A7SKS5	0.362	605	367	0	9	584	16	620	5.359E-104	362
L0F63_001203-T1	UniRef90_A0A197JVN7	0.590	632	258	0	83	714	23	652	4.915E-224	721
L0F63_001007-T1	UniRef90_A0A137P6E0	0.548	271	117	0	1	271	236	494	1.726E-82	284
L0F63_001008-T1	UniRef90_A0A1Y1YT65	0.441	843	430	0	1	770	1	843	2.437E-204	662
L0F63_004716-T1	UniRef90_A0A1Y1YTN8	0.386	438	257	0	15	433	15	452	6.016E-81	288
L0F63_004741-T1	UniRef90_A0A0B7NIK5	0.537	403	185	0	28	430	47	446	2.612E-123	411
L0F63_004748-T1	UniRef90_A0A137NW33	0.668	322	106	0	1	322	45	363	1.114E-131	429
L0F63_004755-T1	UniRef90_A0A1X2HLU8	0.630	615	225	0	1	615	244	852	6.601E-241	760
L0F63_001484-T1	UniRef90_A0A1Y1XXJ0	0.541	287	112	0	89	375	41	285	7.248E-85	296
L0F63_003610-T1	UniRef90_A0A397GUQ2	0.588	721	285	0	13	704	11	731	2.248E-259	818
L0F63_003619-T1	UniRef90_A0A137PA51	0.753	545	132	0	1	535	1	545	1.002E-267	833
L0F63_003624-T1	UniRef90_A0A137PC97	0.476	557	273	0	49	570	7	563	7.534E-147	485
L0F63_002804-T1	UniRef90_A0A1Y1Y145	0.627	637	232	0	54	676	28	664	3.528E-247	782
L0F63_002806-T1	UniRef90_A0A075AXJ4	0.763	389	91	0	3	387	6	394	1.657E-191	605
L0F63_006136-T1	UniRef90_A0A137PE26	0.560	505	218	0	9	513	7	503	7.309E-167	541
L0F63_006160-T1	UniRef90_A0A068RJW9	0.487	384	192	0	18	392	68	451	1.523E-101	345
L0F63_006161-T1	UniRef90_A0A137PI23	0.719	547	153	0	1	547	1	547	2.533E-253	792
L0F63_006175-T1	UniRef90_A0A137NZN8	0.435	735	390	0	21	712	43	777	2.546E-172	566
L0F63_006719-T1	UniRef90_A0A137P8T3	0.551	563	236	0	1	563	1	526	1.958E-183	591
L0F63_006721-T1	UniRef90_A0A1Y2GEA4	0.622	348	131	0	2	349	380	726	6.662E-130	425
L0F63_006723-T1	UniRef90_A0A1Y1Z614	0.498	474	235	0	71	540	35	508	7.239E-131	437
L0F63_006727-T1	UniRef90_A0A137NYC8	0.431	511	288	0	24	534	23	530	1.766E-114	390
L0F63_004076-T1	UniRef90_A0A2E3B902	0.470	80	39	0	22	101	96	169	6.662E-12	72
L0F63_005845-T1	UniRef90_F4P6V6	0.547	1028	460	0	19	1034	6	1033	0.000E+00	1066
L0F63_005852-T1	UniRef90_G0S8I0	0.315	765	516	0	288	1041	371	1135	2.352E-102	372
L0F63_005856-T1	UniRef90_A0A4P9XIY1	0.459	728	382	0	189	895	2	729	2.047E-181	604
L0F63_005862-T1	UniRef90_A0A2Z6QQ33	0.258	539	346	0	22	488	677	1215	6.970E-46	190
L0F63_005865-T1	UniRef90_A0A137NTY6	0.524	370	168	0	4	373	4	356	8.755E-109	365
L0F63_004424-T1	UniRef90_A0A197KFD0	0.453	913	491	0	2	899	91	1003	2.283E-228	742
L0F63_006315-T1	UniRef90_A0A1Y1Y3A3	0.646	480	166	0	1	480	113	583	7.911E-192	612
L0F63_006316-T1	UniRef90_A0A137NPM7	0.377	469	292	0	28	496	12	480	1.068E-83	298
L0F63_006320-T1	UniRef90_A0A137P7X5	0.620	493	185	0	2	494	17	504	2.789E-187	599
L0F63_006852-T1	UniRef90_A0A2Z6SB19	0.412	312	168	0	8	293	93	404	5.586E-62	226
L0F63_006854-T1	UniRef90_A0A084GDY8	0.619	129	49	0	28	156	334	462	1.671E-39	159
L0F63_000914-T1	UniRef90_A0A137P2D3	0.477	1508	777	0	1	1508	108	1593	0.000E+00	1311
L0F63_000918-T1	UniRef90_A0A4P9YZG1	0.389	434	257	0	43	463	1	434	1.045E-80	289
L0F63_000927-T1	UniRef90_A0A3N4L5U2	0.357	256	145	0	7	232	2	257	1.097E-37	153
L0F63_000933-T1	UniRef90_A0A137NVF4	0.299	1027	593	0	6	1032	2	848	1.055E-129	458
L0F63_004555-T1	UniRef90_A0A137PCI2	0.775	688	152	0	1	688	42	718	0.000E+00	1088
L0F63_004579-T1	UniRef90_A0A137P5T4	0.591	778	312	0	1	764	1	778	7.736E-283	889
L0F63_002307-T1	UniRef90_A0A137PAZ1	0.633	313	88	0	1	241	94	406	4.147E-120	391
L0F63_002324-T1	UniRef90_A0A137P1Q1	0.700	246	73	0	1	246	1	243	7.726E-105	347
L0F63_001118-T1	UniRef90_A0A137NUZ4	0.581	195	81	0	24	217	45	239	1.050E-61	221
L0F63_001122-T1	UniRef90_A0A397UP82	0.557	961	422	0	9	962	31	991	4.941E-324	1020
L0F63_006564-T1	UniRef90_A0A137PC94	0.655	563	184	0	8	542	30	592	5.543E-231	729
L0F63_006570-T1	UniRef90_I1BP93	0.591	429	171	0	1	419	47	475	8.726E-152	492
L0F63_006574-T1	UniRef90_A0A197KIR3	0.558	444	193	0	14	457	2	438	1.100E-144	473
L0F63_006576-T1	UniRef90_A0A168RFD6	0.434	346	187	0	4	334	3	348	4.752E-76	268
L0F63_005339-T1	UniRef90_R4ZGN4	0.477	88	46	0	6	93	1109	1196	4.409E-15	80
L0F63_007583-T1	UniRef90_A0A0L0BAR4	0.968	275	9	0	12	286	1	275	6.945E-179	563
L0F63_007585-T1	UniRef90_A0A0L0BB64	0.970	196	6	0	1	196	1	196	2.868E-125	403
L0F63_007590-T1	UniRef90_A0A379CT15	0.933	78	5	0	85	162	56	133	9.010E-40	155
L0F63_006833-T1	UniRef90_A0A137PD24	0.596	767	296	0	1	733	1	767	9.068E-282	885
L0F63_006834-T1	UniRef90_A0A137PBP2	0.542	1267	565	0	13	1247	14	1280	0.000E+00	1298
L0F63_001809-T1	UniRef90_UPI001469BED6	0.809	101	19	0	4	104	337	437	2.046E-46	170
L0F63_001814-T1	UniRef90_A0A1Y1Y3Y9	0.851	840	125	0	26	865	3	842	0.000E+00	1479
L0F63_001823-T1	UniRef90_A0A433Q498	0.500	146	71	0	2	144	58	203	2.288E-34	138
L0F63_001824-T1	UniRef90_A0A0L0HUH9	0.462	294	155	0	2	291	212	505	2.214E-69	248
L0F63_001882-T1	UniRef90_A0A137PGP4	0.687	509	154	0	4	512	47	540	9.338E-222	699
L0F63_001886-T1	UniRef90_A0A4V1J3V9	0.655	713	245	0	73	782	15	727	5.370E-294	923
L0F63_001914-T1	UniRef90_A0A1Y1Y177	0.384	831	485	0	47	834	39	869	2.107E-161	540
L0F63_001925-T1	UniRef90_A0A137PA73	0.568	438	186	0	2	432	80	517	2.563E-146	477
L0F63_006871-T1	UniRef90_A0A3M3XZP1	0.929	264	19	0	3	266	11	274	3.558E-162	516
L0F63_006873-T1	UniRef90_A0A397JG74	0.607	448	169	0	9	440	13	460	1.115E-164	531
L0F63_000951-T1	UniRef90_A0A077WWP2	0.664	281	93	0	7	283	11	291	2.144E-112	372
L0F63_000963-T1	UniRef90_A0A397UHS0	0.546	444	186	0	1	410	1	444	8.444E-141	461
L0F63_000965-T1	UniRef90_A0A6A6B849	0.570	169	58	0	42	178	108	276	7.975E-51	187
L0F63_000974-T1	UniRef90_A0A137P5H0	0.538	120	55	0	3	122	102	221	3.187E-30	125
L0F63_001150-T1	UniRef90_A0A261Y6D9	0.724	350	96	0	28	376	66	415	1.173E-159	512
L0F63_003942-T1	UniRef90_A5DIN9	0.567	507	218	0	1	507	1	505	1.245E-170	552
L0F63_003949-T1	UniRef90_A0A2S5B1K1	0.686	750	233	0	26	775	5	747	0.000E+00	1026
L0F63_003956-T1	UniRef90_A0A433PQK4	0.794	536	108	0	1	526	58	593	2.057E-281	872
L0F63_000127-T1	UniRef90_A0A1V9XUM5	0.390	214	124	0	47	250	71	284	4.403E-34	145
L0F63_000128-T1	UniRef90_A0A137P2B2	0.302	415	276	0	8	403	253	667	8.441E-48	190
L0F63_003405-T1	UniRef90_A0A137NVD1	0.371	656	401	0	202	857	160	798	1.703E-115	406
L0F63_003410-T1	UniRef90_A0A2Z6R255	0.565	741	313	0	37	756	62	802	1.427E-251	800
L0F63_003412-T1	UniRef90_A0A1Y1XIT7	0.539	284	130	0	1	283	1	284	8.414E-85	291
L0F63_003416-T1	UniRef90_A0A137PET0	0.794	470	95	0	5	468	59	528	1.521E-245	766
L0F63_001313-T1	UniRef90_A0A137NZV2	0.747	1142	288	0	1	1140	1	1142	0.000E+00	1726
L0F63_001316-T1	UniRef90_A0A433PPB7	0.566	861	352	0	422	1233	7	867	7.475E-289	931
L0F63_001334-T1	UniRef90_A0A137NRG2	0.578	629	263	0	25	648	145	773	2.716E-219	700
L0F63_001346-T1	UniRef90_A0A137NWZ2	0.608	657	255	0	19	670	28	684	1.212E-245	777
L0F63_005242-T1	UniRef90_O59790	0.574	264	111	0	198	461	82	343	1.592E-82	293
L0F63_005244-T1	UniRef90_A0A1Y1XRU8	0.403	1444	827	0	148	1533	1	1444	3.803E-308	1000
L0F63_007641-T1	UniRef90_C3JZZ5	0.866	576	77	0	1	576	1	576	0.000E+00	1036
L0F63_007642-T1	UniRef90_A0A3G7V3J7	0.929	302	21	0	1	302	218	519	3.026E-180	590
L0F63_007645-T1	UniRef90_A0A3M3XZ47	0.948	238	12	0	43	280	2	239	6.809E-149	476
L0F63_007646-T1	UniRef90_Q3KFM7	0.912	310	27	0	16	325	1	309	1.694E-188	593
L0F63_000261-T1	UniRef90_A0A137NZA4	0.567	425	180	0	7	431	3	418	1.173E-139	462
L0F63_002988-T1	UniRef90_A0A3S7S4Q9	0.644	396	112	0	1	315	1	396	6.520E-158	504
L0F63_002989-T1	UniRef90_A0A2X1NLW3	0.708	393	110	0	1	377	1	393	4.076E-176	560
L0F63_002990-T1	UniRef90_A0A4R6PFA1	0.951	594	29	0	1	594	1	594	0.000E+00	1189
L0F63_004927-T1	UniRef90_A0A1H2H2Z5	0.868	44	6	0	15	58	155	198	1.414E-16	82
L0F63_004938-T1	UniRef90_A0A137NU84	0.605	801	310	0	257	1041	53	853	3.182E-296	942
L0F63_006624-T1	UniRef90_A0A137P4X5	0.489	99	50	0	3	101	794	892	8.063E-19	92
L0F63_006625-T1	UniRef90_A0A137PF47	0.514	652	311	0	15	654	41	692	1.111E-193	625
L0F63_006658-T1	UniRef90_A0A183I972	0.505	138	58	0	60	178	29	166	1.097E-31	132
L0F63_006662-T1	UniRef90_A0A1X6NBW5	0.435	154	84	0	10	158	83	236	8.165E-28	122
L0F63_004233-T1	UniRef90_A0A2G4SNC2	0.548	78	33	0	1	78	410	483	5.625E-17	84
L0F63_005600-T1	UniRef90_A0A261Y298	0.515	669	317	0	17	685	502	1155	2.197E-199	644
L0F63_005608-T1	UniRef90_A0A137P743	0.479	947	492	0	27	973	25	969	6.302E-258	828
L0F63_005619-T1	UniRef90_A0A1Y1ZF17	0.449	618	317	0	22	598	1	618	1.071E-150	498
L0F63_002466-T1	UniRef90_A0A137PGN8	0.487	357	169	0	30	360	29	385	1.095E-93	321
L0F63_002474-T1	UniRef90_G8Q3V7	0.869	83	11	0	41	123	1	83	1.491E-39	152
L0F63_003986-T1	UniRef90_A0A4Q0A036	0.549	278	112	0	9	286	10	258	1.094E-84	292
L0F63_003999-T1	UniRef90_A0A137PA42	0.443	878	440	0	18	808	4	881	2.607E-214	693
L0F63_004001-T1	UniRef90_A0A397J1E4	0.418	123	55	0	1	96	29	151	3.065E-19	93
L0F63_004007-T1	UniRef90_A0A193LL99	0.500	482	232	0	2	465	79	560	1.090E-135	448
L0F63_001610-T1	UniRef90_U9UQ88	0.780	220	46	0	10	218	6	225	5.703E-107	352
L0F63_001611-T1	UniRef90_A0A1Y1XLT8	0.908	158	14	0	1	158	240	397	5.657E-91	302
L0F63_001613-T1	UniRef90_A0A137P2X4	0.508	586	242	0	31	616	29	521	8.704E-170	554
L0F63_001614-T1	UniRef90_A0A2N6K3T5	0.425	103	58	0	137	239	27	128	4.374E-13	80
L0F63_000502-T1	UniRef90_A0A137P374	0.793	536	108	0	1	521	1	536	5.043E-281	871
L0F63_000511-T1	UniRef90_A0A015LZC7	0.727	718	195	0	9	722	59	776	0.000E+00	1052
L0F63_003035-T1	UniRef90_A0A137PEG2	0.308	746	486	0	41	744	7	752	3.782E-98	350
L0F63_003043-T1	UniRef90_A0A1Y1X6I8	0.730	551	142	0	2	527	20	570	2.293E-260	812
L0F63_003053-T1	UniRef90_A0A397U097	0.460	794	423	0	26	819	31	814	1.337E-202	659
L0F63_003071-T1	UniRef90_A0A137P9K3	0.388	362	181	0	75	436	33	329	5.635E-65	241
L0F63_000562-T1	UniRef90_A0A1Y1Z1Y8	0.731	296	79	0	26	320	22	317	7.286E-135	438
L0F63_004287-T1	UniRef90_A0A1D2M7J3	0.288	417	226	0	2	320	84	500	4.427E-45	177
L0F63_004305-T1	UniRef90_A0A4P9ZQ91	0.443	361	184	0	1	332	97	457	1.063E-82	287
L0F63_004311-T1	UniRef90_A0A672Y660	0.743	239	61	0	4	242	40	278	5.590E-110	362
L0F63_002993-T1	UniRef90_A0A137P9Q6	0.568	428	179	0	3	430	85	499	5.458E-143	467
L0F63_003009-T1	UniRef90_E2EYY4	0.646	373	131	0	2	374	4	374	1.862E-147	477
L0F63_004762-T1	UniRef90_A0A1D1YEK6	0.520	225	93	0	26	220	67	291	8.173E-62	222
L0F63_004770-T1	UniRef90_A0A137P6P2	0.577	527	209	0	137	630	48	574	3.215E-180	586
L0F63_004786-T1	UniRef90_A0A137PHX7	0.559	325	142	0	1	325	12	335	7.304E-104	349
L0F63_004787-T1	UniRef90_A0A1Y1Y040	0.513	1193	567	0	1	1165	1	1193	0.000E+00	1139
L0F63_001038-T1	UniRef90_A0A1Y1XEQ7	0.307	225	138	0	1	200	1	225	1.341E-22	108
L0F63_003645-T1	UniRef90_A0A137P153	0.749	426	103	0	4	429	8	420	1.372E-205	648
L0F63_003647-T1	UniRef90_U9UNP7	0.476	683	347	0	2	664	3	685	1.343E-182	594
L0F63_003650-T1	UniRef90_A0A137P8M3	0.473	484	220	0	26	509	6	423	8.876E-125	419
L0F63_003146-T1	UniRef90_A0A137P4U0	0.694	998	289	0	12	955	11	1008	0.000E+00	1384
L0F63_003150-T1	UniRef90_A0A137PER5	0.780	615	135	0	1	615	52	666	1.294E-316	979
L0F63_001022-T1	UniRef90_A0A137P6K1	0.439	391	217	0	43	433	15	401	1.063E-87	307
L0F63_001030-T1	UniRef90_A0A1Y1W5K1	0.366	687	386	0	3	612	9	695	5.267E-123	418
L0F63_001034-T1	UniRef90_A0A137PIJ0	0.631	286	104	0	21	306	19	302	2.156E-102	356
L0F63_001037-T1	UniRef90_A0A137P1H6	0.592	855	341	0	10	847	4	858	3.219E-311	977
L0F63_003082-T1	UniRef90_A0A1Y1XSZ9	0.886	464	53	0	5	468	3	466	3.753E-277	857
L0F63_005411-T1	UniRef90_A0A4U2UCA4	0.262	614	296	0	10	411	5	618	2.183E-58	221
L0F63_005412-T1	UniRef90_UPI00055122F3	0.706	336	87	0	1	296	1	336	2.934E-149	478
L0F63_005413-T1	UniRef90_UPI00054E766E	0.621	1187	375	0	1	991	9	1195	0.000E+00	1440
L0F63_004990-T1	UniRef90_A0A4Q0A216	0.445	338	145	0	1	263	58	395	5.530E-78	271
L0F63_005003-T1	UniRef90_A0A197JK01	0.334	516	324	0	86	572	208	723	2.767E-73	274
L0F63_006254-T1	UniRef90_A0A2V5AW56	0.910	719	65	0	295	1013	1	719	0.000E+00	1367
L0F63_006255-T1	UniRef90_A0A109L0T2	0.964	446	16	0	18	463	1	446	2.093E-287	906
L0F63_006256-T1	UniRef90_A0A8B4I5U6	0.937	410	26	0	1	410	19	428	1.910E-251	807
L0F63_006257-T1	UniRef90_A0A1T2ZGH3	0.922	461	36	0	260	720	3	463	4.903E-284	891
L0F63_004789-T1	UniRef90_A0A137PAN7	0.553	156	69	0	20	175	136	291	8.759E-44	167
L0F63_006868-T1	UniRef90_A0A2P8LLS7	0.897	1516	156	0	1116	2631	11	1526	0.000E+00	2832
L0F63_006869-T1	UniRef90_A0A5E6RIQ0	0.889	324	36	0	11	334	1	324	2.627E-191	601
L0F63_006870-T1	UniRef90_P07346	0.924	469	36	0	1	469	5	473	4.736E-285	909
L0F63_003850-T1	UniRef90_A0A5J5EQW0	0.492	190	96	0	3	192	22	211	2.408E-46	175
L0F63_003864-T1	UniRef90_A0A1Y1YAB0	0.813	652	119	0	10	645	3	654	0.000E+00	1090
L0F63_003403-T1	UniRef90_A0A137P3E4	0.563	254	108	0	5	251	155	408	5.686E-80	275
L0F63_004521-T1	UniRef90_A0A1Y1Y954	0.584	1359	556	0	23	1359	4	1362	0.000E+00	1528
L0F63_004537-T1	UniRef90_A0A137PAN2	0.564	360	150	0	9	352	4	363	1.087E-117	390
L0F63_004546-T1	UniRef90_A0A137PJ77	0.502	179	88	0	2	180	100	276	8.320E-44	169
L0F63_004467-T1	UniRef90_A0A2T9YG76	0.364	251	147	0	32	263	98	348	8.369E-38	154
L0F63_004475-T1	UniRef90_A0A137PGN2	0.701	395	116	0	1	389	1	395	1.476E-174	556
L0F63_004478-T1	UniRef90_E2EYZ6	0.384	255	150	0	63	306	86	340	4.830E-42	168
L0F63_004486-T1	UniRef90_A0A397UME7	0.498	820	408	0	4	823	7	819	8.342E-235	754
L0F63_005105-T1	UniRef90_A0A137NX60	0.484	539	274	0	1	539	1	532	3.251E-145	479
L0F63_001962-T1	UniRef90_A0A137P5I9	0.564	607	246	0	1	566	34	640	9.785E-206	656
L0F63_001984-T1	UniRef90_A0A137PFP7	0.708	306	89	0	1	306	47	352	1.062E-134	436
L0F63_001986-T1	UniRef90_A0A4P9X3Z4	0.715	113	32	0	5	117	105	217	2.425E-44	165
L0F63_002006-T1	UniRef90_A0A1Y1Y9R5	0.764	556	131	0	8	561	59	614	4.690E-278	865
L0F63_002015-T1	UniRef90_A0A1Y1ZD23	0.461	307	163	0	11	313	1	307	4.001E-72	258
L0F63_006708-T1	UniRef90_A0A2P8LL48	0.934	808	53	0	422	1229	26	833	0.000E+00	1582
L0F63_006709-T1	UniRef90_A0A2P8LLA1	0.892	135	14	0	1	135	12	146	1.671E-74	253
L0F63_006710-T1	UniRef90_A0A423P8Q1	0.909	242	22	0	419	660	1	242	4.278E-137	461
L0F63_006711-T1	UniRef90_A0A5E7SCL1	0.917	261	22	0	1	261	1	261	1.899E-158	502
L0F63_001630-T1	UniRef90_A0A137NZ46	0.455	458	243	0	4	461	5	451	2.399E-110	376
L0F63_002777-T1	UniRef90_A0A507CDM5	0.424	411	189	0	23	351	97	507	4.113E-89	308
L0F63_002778-T1	UniRef90_A0A1Y2I0L0	0.504	407	194	0	1	393	82	488	3.049E-114	382
L0F63_002783-T1	UniRef90_A0A137PGQ4	0.648	184	64	0	1	184	46	229	4.659E-68	238
L0F63_002784-T1	UniRef90_A0A137PGQ4	0.492	321	162	0	2	321	48	368	5.966E-85	293
L0F63_002790-T1	UniRef90_A0A367J9I9	0.340	242	147	0	13	236	27	268	1.078E-31	135
L0F63_005554-T1	UniRef90_A0A2G5BKU7	0.336	317	201	0	30	332	27	343	1.061E-40	172
L0F63_000040-T1	UniRef90_A0A4V1IWB3	0.576	144	58	0	1	144	211	348	1.488E-42	162
L0F63_000041-T1	UniRef90_A0A1Y1YAB6	0.461	319	162	0	139	457	118	418	6.764E-74	268
L0F63_000048-T1	UniRef90_A0A1Y1X2T6	0.356	776	484	0	13	765	17	792	1.467E-132	452
L0F63_000658-T1	UniRef90_A0A1Y1YY57	0.370	1068	658	0	42	1086	1	1068	7.184E-198	657
L0F63_000665-T1	UniRef90_A0A164VA00	0.310	311	209	0	16	319	22	332	1.344E-33	149
L0F63_004490-T1	UniRef90_A0A433PZ19	0.455	558	297	0	12	569	71	616	3.815E-137	457
L0F63_004493-T1	UniRef90_A0A4R6EL74	0.868	229	30	0	27	254	1	229	1.804E-127	415
L0F63_004494-T1	UniRef90_A0A447MLH9	0.932	278	19	0	1	278	1	278	4.292E-169	545
L0F63_004495-T1	UniRef90_A0A4R6EL80	0.967	562	19	0	1	562	1	562	0.000E+00	1146
L0F63_000190-T1	UniRef90_A0A1Y1XZP4	0.553	564	237	0	1	532	31	594	4.399E-185	594
L0F63_003501-T1	UniRef90_A0A2G4SPT7	0.385	1356	831	0	42	1394	34	1389	3.727E-269	880
L0F63_003503-T1	UniRef90_A0A4P9XWC6	0.578	354	149	0	1	353	29	382	1.393E-119	395
L0F63_003504-T1	UniRef90_A0A137PFJ6	0.739	439	114	0	59	494	22	460	1.821E-207	657
L0F63_002526-T1	UniRef90_A0A0L0HBM0	0.454	717	370	0	18	734	73	750	2.932E-176	585
L0F63_002527-T1	UniRef90_A0A137P860	0.594	558	208	0	1	513	1	558	6.114E-202	642
L0F63_004209-T1	UniRef90_A0A0F4YTQ1	0.547	827	350	0	1	774	1	827	2.626E-271	858
L0F63_004213-T1	UniRef90_A0A061QFL3	0.693	43	13	0	7	49	106	148	4.220E-09	63
L0F63_004216-T1	UniRef90_A0A2Z6Q3C0	0.443	813	428	0	8	776	2	814	5.271E-197	643
L0F63_004232-T1	UniRef90_A0A1Y1WKQ6	0.461	222	110	0	1	206	98	319	2.719E-50	187
L0F63_005081-T1	UniRef90_A0A367JLJ1	0.708	539	154	0	6	533	9	547	1.765E-244	766
L0F63_006259-T1	UniRef90_A0A2P8L6S3	0.870	403	52	0	1	403	1	403	3.909E-234	729
L0F63_006260-T1	UniRef90_A0A2P8L6Q8	0.922	464	36	0	1	464	1	464	2.411E-290	897
L0F63_006263-T1	UniRef90_A0A137P4V6	0.468	753	396	0	1	753	2	746	6.741E-197	640
L0F63_002977-T1	UniRef90_A0A4R6PFK6	0.613	292	106	0	9	282	90	381	6.964E-104	351
L0F63_005661-T1	UniRef90_A0A397W540	0.460	543	273	0	1	507	54	596	1.295E-136	452
L0F63_005671-T1	UniRef90_A0A137PD22	0.387	795	479	0	20	814	42	823	1.665E-155	522
L0F63_005674-T1	UniRef90_A0A197K208	0.447	628	332	0	46	647	81	708	1.058E-151	503
L0F63_005685-T1	UniRef90_UPI000440B1C8	0.654	1155	398	0	2	1152	3	1157	0.000E+00	1490
L0F63_005691-T1	UniRef90_A0A6A2WR39	0.511	963	453	0	31	958	73	1035	3.450E-288	915
L0F63_006501-T1	UniRef90_A0A261XX23	0.742	282	68	0	17	281	1445	1726	2.331E-131	425
L0F63_007625-T1	UniRef90_D4GIM1	0.709	368	95	0	1	327	28	395	5.071E-165	526
L0F63_007626-T1	UniRef90_D4GIM2	0.848	54	8	0	1	53	45	98	4.566E-22	97
L0F63_007631-T1	UniRef90_A0A1N7U7F9	0.902	181	18	0	27	207	6	186	3.186E-104	343
L0F63_004794-T1	UniRef90_A0A0D7AZR2	0.543	552	239	0	123	646	144	695	2.519E-174	569
L0F63_004797-T1	UniRef90_A0A433PE40	0.426	612	341	0	148	759	71	665	4.106E-135	460
L0F63_004804-T1	UniRef90_A0A137PA11	0.681	733	226	0	30	738	50	782	3.364E-319	994
L0F63_004830-T1	UniRef90_A0A137NX00	0.576	758	309	0	17	745	39	796	1.829E-265	838
L0F63_004843-T1	UniRef90_A0A077WZ89	0.456	329	176	0	118	441	194	522	1.151E-75	272
L0F63_007133-T1	UniRef90_A0A137NR22	0.504	1104	504	0	83	1099	161	1264	0.000E+00	1030
L0F63_007150-T1	UniRef90_A0A137PI02	0.579	398	154	0	34	399	2	399	9.249E-136	445
L0F63_007154-T1	UniRef90_A0A137P2M8	0.672	642	208	0	1	635	1	642	4.817E-274	857
L0F63_007156-T1	UniRef90_A0A433PX68	0.635	2236	798	0	26	2261	12	2199	0.000E+00	2783
L0F63_007157-T1	UniRef90_A0A550CUD5	0.583	1001	409	0	8	988	16	1016	0.000E+00	1124
L0F63_006005-T1	UniRef90_A0A1C7MFT7	0.715	627	176	0	1	627	1	618	1.728E-289	901
L0F63_006020-T1	UniRef90_A0A1Y1YX17	0.480	287	146	0	25	306	136	422	1.082E-71	254
L0F63_005399-T1	UniRef90_A0A1X2HTI0	0.823	448	79	0	100	547	86	533	1.348E-241	760
L0F63_006875-T1	UniRef90_A0A4P9ZSW5	0.532	340	152	0	10	334	4	343	8.835E-102	343
L0F63_006884-T1	UniRef90_A0A137P3B8	0.685	397	125	0	1	397	1	397	4.955E-170	544
L0F63_006893-T1	UniRef90_A0A137P1T8	0.515	122	51	0	18	124	376	497	1.542E-28	120
L0F63_001235-T1	UniRef90_A0A137P9B2	0.443	1195	585	0	102	1153	52	1246	6.837E-293	942
L0F63_001247-T1	UniRef90_A0A4P9Z5B7	0.569	238	100	0	6	239	68	305	1.506E-75	262
L0F63_001250-T1	UniRef90_A0A1Y1YTN8	0.330	410	219	0	40	367	43	452	2.820E-57	216
L0F63_001253-T1	UniRef90_A0A1Y1XYH3	0.601	386	150	0	7	392	116	491	2.120E-138	452
L0F63_005414-T1	UniRef90_UPI000555BE24	0.779	442	89	0	5	408	1	442	1.691E-218	704
L0F63_005417-T1	UniRef90_UPI0005512891	0.961	202	8	0	1	202	1	202	1.420E-126	410
L0F63_007062-T1	UniRef90_A0A1X2GXJ2	0.325	281	189	0	18	298	64	344	2.239E-34	145
L0F63_007063-T1	UniRef90_A0A137NY07	0.566	431	176	0	11	416	9	439	1.066E-143	469
L0F63_007070-T1	UniRef90_A0A168PJD2	0.498	888	442	0	23	904	14	901	1.405E-255	818
L0F63_007084-T1	UniRef90_A0A1S3JFE4	0.325	962	625	0	535	1461	403	1364	1.879E-137	488
L0F63_002206-T1	UniRef90_A0A137NXV1	0.726	314	81	0	16	312	22	335	2.459E-143	462
L0F63_003844-T1	UniRef90_A0A137PD52	0.852	401	59	0	17	417	2	402	9.616E-227	708
L0F63_003846-T1	UniRef90_A0A4V1J1H7	0.663	497	165	0	4	493	9	505	2.253E-206	654
L0F63_003848-T1	UniRef90_A0A137NY04	0.595	703	283	0	165	867	180	878	6.507E-253	810
L0F63_002969-T1	UniRef90_A0A0A2VZ03	0.747	840	209	0	1	840	20	845	0.000E+00	1272
L0F63_002971-T1	UniRef90_V5Z788	0.897	872	90	0	25	896	1	871	0.000E+00	1630
L0F63_005721-T1	UniRef90_A0A137P328	0.514	405	171	0	9	360	3	407	3.380E-115	390
L0F63_005724-T1	UniRef90_A0A4P9YZS4	0.577	161	67	0	45	204	182	342	3.168E-48	181
L0F63_005727-T1	UniRef90_A0A137P0W1	0.669	400	126	0	1	382	31	430	2.247E-166	532
L0F63_005728-T1	UniRef90_A0A1Y1XBB2	0.764	617	145	0	1	617	1	617	9.198E-310	959
L0F63_001778-T1	UniRef90_G7E7S0	0.657	631	205	0	5	604	36	666	1.082E-261	821
L0F63_001780-T1	UniRef90_A0A1Y1YKQ8	0.541	760	331	0	4	725	17	776	1.138E-244	777
L0F63_003533-T1	UniRef90_A0A838SS63	0.644	80	28	0	1	80	101	179	6.128E-24	104
L0F63_003540-T1	UniRef90_A0A137PEX8	0.758	590	142	0	1	590	1	588	6.209E-293	909
L0F63_003553-T1	UniRef90_A0A1Y1WNW1	0.370	277	171	0	27	303	108	380	8.949E-44	173
L0F63_003589-T1	UniRef90_A0A4P9XS36	0.536	659	303	0	31	685	4	662	1.931E-207	668
L0F63_006027-T1	UniRef90_A0A137PJH5	0.434	425	237	0	30	454	30	449	1.886E-94	328
L0F63_006917-T1	UniRef90_A0A137P219	0.475	630	318	0	116	722	81	710	1.449E-164	546
L0F63_006922-T1	UniRef90_A0A1Y1XYP0	0.483	2237	1116	0	64	2300	13	2172	0.000E+00	1973
L0F63_006936-T1	UniRef90_A0A397G4Z0	0.640	970	320	0	1	889	1	970	0.000E+00	1220
L0F63_006415-T1	UniRef90_A0A167NBD3	0.655	303	104	0	2	304	40	341	3.156E-120	394
L0F63_007294-T1	UniRef90_A0A137P9W4	0.699	364	109	0	33	396	32	395	8.312E-159	511
L0F63_007297-T1	UniRef90_A0A086TL14	0.479	1280	616	0	110	1292	184	1463	0.000E+00	1120
L0F63_007301-T1	UniRef90_A0A1Y1Z368	0.466	1177	617	0	1	1156	1	1177	1.105E-311	993
L0F63_007307-T1	UniRef90_A0A4P9ZX85	0.590	236	88	0	8	222	5	240	3.758E-79	271
L0F63_007308-T1	UniRef90_A0A397TJW4	0.444	642	348	0	35	661	30	671	1.937E-153	509
L0F63_000574-T1	UniRef90_A0A4P9Z308	0.745	98	25	0	6	103	38	135	1.822E-39	151
L0F63_003771-T1	UniRef90_A0A4P9Z0P7	0.595	378	146	0	21	381	41	418	1.404E-133	437
L0F63_003772-T1	UniRef90_A0A1Y1YIE0	0.431	557	294	0	123	679	4	521	2.273E-124	425
L0F63_003775-T1	UniRef90_A0A482X7N2	0.678	447	139	0	1	447	1	433	3.103E-190	605
L0F63_005561-T1	UniRef90_A0A137P2Z7	0.464	703	370	0	7	697	8	710	4.788E-181	591
L0F63_005569-T1	UniRef90_A0A397IFG4	0.327	1310	860	0	189	1467	109	1418	2.479E-197	670
L0F63_000773-T1	UniRef90_A0A137P458	0.478	438	187	0	1	359	29	466	1.139E-115	384
L0F63_000782-T1	UniRef90_A8P2H2	0.611	2188	841	0	11	2173	25	2212	0.000E+00	2595
L0F63_000794-T1	UniRef90_A0A137PF66	0.523	463	220	0	14	475	31	493	3.769E-138	456
L0F63_000795-T1	UniRef90_A0A1Y1VS97	0.470	626	329	0	4	629	3	624	5.814E-163	535
L0F63_002102-T1	UniRef90_A0A0D6EQ81	0.580	1091	446	0	70	1131	77	1167	0.000E+00	1217
L0F63_003880-T1	UniRef90_A0A1Y1Y194	0.771	172	39	0	1	172	158	329	1.517E-80	273
L0F63_003887-T1	UniRef90_A0A137PBM2	0.696	265	80	0	1	265	36	300	2.084E-112	371
L0F63_003888-T1	UniRef90_A0A137P3P3	0.686	483	146	0	5	470	26	508	1.020E-209	662
L0F63_001931-T1	UniRef90_A0A2Z6RFQ6	0.367	1064	645	0	70	1133	53	1072	3.353E-191	646
L0F63_005008-T1	UniRef90_A0A2E5U717	0.525	272	126	0	19	290	166	432	2.315E-77	271
L0F63_005013-T1	UniRef90_A0A1Y1YP05	0.402	1343	749	0	58	1311	51	1393	1.479E-285	928
L0F63_005015-T1	UniRef90_D8MQK8	0.740	554	141	0	182	725	1	554	9.151E-252	830
L0F63_005016-T1	UniRef90_UPI00131E47EC	0.863	229	31	0	84	312	14	242	4.155E-126	412
L0F63_005017-T1	UniRef90_UPI00131AA94D	0.844	231	35	0	1	224	22	252	2.631E-120	405
L0F63_000805-T1	UniRef90_A0A1Y1XUX1	0.407	1176	676	0	207	1382	18	1158	2.267E-250	826
L0F63_006844-T1	UniRef90_A0A261Y645	0.613	121	41	0	1	107	4	124	2.398E-38	147
L0F63_006845-T1	UniRef90_V5FBI4	0.588	283	115	0	1	280	12	294	5.236E-96	323
L0F63_006848-T1	UniRef90_I1BH08	0.602	1091	418	0	43	1133	99	1148	0.000E+00	1274
L0F63_004252-T1	UniRef90_A0A137P1S0	0.762	577	134	0	5	569	8	584	7.395E-288	894
L0F63_004253-T1	UniRef90_M5DW61	0.262	275	187	0	46	300	58	332	5.819E-19	102
L0F63_005202-T1	UniRef90_A0A1Y1XPP7	0.466	660	344	0	6	651	13	672	1.265E-170	558
L0F63_005208-T1	UniRef90_A0A137P6X6	0.447	319	168	0	8	326	15	318	5.355E-72	257
L0F63_005212-T1	UniRef90_A0A4V1IWU9	0.800	354	71	0	41	394	46	399	1.928E-183	582
L0F63_005220-T1	UniRef90_A0A137P546	0.712	261	75	0	3	263	71	331	2.926E-114	376
L0F63_002347-T1	UniRef90_A0A137NW13	0.290	348	242	0	18	359	98	445	2.341E-35	151
L0F63_002733-T1	UniRef90_A0A238FRG8	0.601	323	126	0	121	438	650	972	3.888E-112	378
L0F63_002735-T1	UniRef90_A0A137PB95	0.418	277	159	0	3	279	2	275	5.895E-55	205
L0F63_002752-T1	UniRef90_A0A137NZP2	0.520	688	310	0	58	704	59	746	1.665E-207	670
L0F63_003781-T1	UniRef90_B7Q349	0.339	443	253	0	1	383	1	443	2.837E-66	242
L0F63_003792-T1	UniRef90_A0A1Y1YYJ6	0.760	707	169	0	1	707	1	707	0.000E+00	1092
L0F63_005536-T1	UniRef90_A0A1R1YMD4	0.314	493	314	0	14	471	45	537	5.902E-64	239
L0F63_005543-T1	UniRef90_A0A1Y1YVZ3	0.388	618	359	0	43	629	15	632	5.320E-119	408
L0F63_005549-T1	UniRef90_A0A3Q2HJU7	0.265	931	676	0	26	956	239	1159	1.298E-92	340
L0F63_005553-T1	UniRef90_F7FGY3	0.323	844	567	0	76	914	2	845	2.945E-118	425
L0F63_002383-T1	UniRef90_A0A1Y1UTY8	0.480	629	311	0	103	701	46	674	3.549E-168	554
L0F63_004908-T1	UniRef90_A0A397U4L1	0.669	546	180	0	29	574	91	634	5.222E-230	726
L0F63_004913-T1	UniRef90_A0A137PBU4	0.588	251	103	0	2	251	145	395	4.716E-84	287
L0F63_004923-T1	UniRef90_A0A137P2Z8	0.541	276	118	0	3	260	6	281	6.016E-83	284
L0F63_001540-T1	UniRef90_A0A433A124	0.580	475	197	0	5	473	32	506	4.477E-164	531
L0F63_001544-T1	UniRef90_A0A137NSZ8	0.292	472	284	0	5	476	7	408	3.485E-51	204
L0F63_000884-T1	UniRef90_A0A137PHM7	0.865	512	69	0	3	514	2	510	5.360E-298	920
L0F63_000888-T1	UniRef90_A0A6A5XVZ7	0.322	148	86	0	10	157	1003	1130	3.047E-13	78
L0F63_000897-T1	UniRef90_A0A137P8V2	0.803	338	66	0	14	351	6	343	9.164E-176	558
L0F63_000907-T1	UniRef90_A0A137P4S4	0.747	680	171	0	25	700	24	703	0.000E+00	1030
L0F63_007085-T1	UniRef90_A0A1Y1Y9F9	0.550	454	197	0	90	543	7	445	4.296E-144	476
L0F63_000262-T1	UniRef90_E2EYZ4	0.660	284	93	0	3	278	7	290	1.717E-112	373
L0F63_000264-T1	UniRef90_A0A137P2R7	0.273	319	209	0	18	306	9	327	1.393E-27	126
L0F63_000269-T1	UniRef90_A0A137P336	0.493	495	247	0	43	537	28	515	2.377E-135	451
L0F63_001217-T1	UniRef90_A0A2G5B1W2	0.535	369	170	0	2	367	59	427	1.390E-111	374
L0F63_001222-T1	UniRef90_E2EYZ7	0.422	248	142	0	1	248	47	293	3.439E-49	186
L0F63_003219-T1	UniRef90_A0A1Y1XQZ5	0.706	207	60	0	17	223	41	246	2.528E-87	295
L0F63_003223-T1	UniRef90_A0A137NY06	0.712	611	175	0	1	609	10	620	2.475E-280	874
L0F63_003231-T1	UniRef90_A0A1Y1YRH8	0.724	392	106	0	1	384	30	421	8.720E-180	574
L0F63_003244-T1	UniRef90_A0A1Y1YQ35	0.281	433	278	0	327	714	175	607	3.082E-41	177
L0F63_003427-T1	UniRef90_UPI0004408A8D	0.340	959	517	0	137	920	230	1188	2.409E-151	522
L0F63_006109-T1	UniRef90_A0A433A124	0.585	480	198	0	1	479	32	511	6.273E-168	542
L0F63_006124-T1	UniRef90_A0A137PAN2	0.562	364	152	0	13	360	5	368	1.182E-118	393
L0F63_006127-T1	UniRef90_A0A397GCW9	0.626	344	127	0	93	436	309	649	6.588E-128	424
L0F63_007591-T1	UniRef90_UPI000F663D01	0.981	332	6	0	1	332	21	352	2.030E-220	689
L0F63_007602-T1	UniRef90_A0A0L0AF08	0.901	188	19	0	1	188	1	188	5.412E-109	355
L0F63_002034-T1	UniRef90_A0A137NTK6	0.754	82	20	0	6	87	20	101	1.857E-31	128
L0F63_002035-T1	UniRef90_A0A1Y1YWG8	0.742	241	62	0	1	241	178	418	6.143E-111	364
L0F63_002059-T1	UniRef90_A0A433DLB6	0.418	493	285	0	23	515	60	550	1.035E-104	361
L0F63_002096-T1	UniRef90_A0A0B7N3S2	0.443	691	382	0	17	702	1	691	4.726E-165	547
L0F63_006046-T1	UniRef90_A0A137PCI5	0.577	269	100	0	1	238	4	272	6.272E-89	301
L0F63_000988-T1	UniRef90_A0A137P313	0.579	309	121	0	1	288	1	309	7.088E-104	346
L0F63_000995-T1	UniRef90_A0A137P7M0	0.688	1012	311	0	1	1012	1	998	0.000E+00	1388
L0F63_000996-T1	UniRef90_U9SW13	0.630	697	255	0	11	701	103	799	3.710E-274	861
L0F63_001865-T1	UniRef90_E2EYY4	0.659	362	123	0	1	362	13	374	1.955E-146	473
L0F63_001874-T1	UniRef90_A0A137PJB7	0.441	187	103	0	7	192	19	205	1.093E-34	150
L0F63_004130-T1	UniRef90_A0A137NZ44	0.773	476	108	0	1	476	1	476	1.991E-240	751
L0F63_004159-T1	UniRef90_A0A1Y1YAB0	0.816	654	118	0	1	640	1	654	0.000E+00	1097
L0F63_004165-T1	UniRef90_A0A1D1XSG7	0.471	679	354	0	14	692	27	697	4.674E-178	582
L0F63_004166-T1	UniRef90_A0A4P9Z395	0.549	621	275	0	3	613	6	626	4.706E-202	648
L0F63_007117-T1	UniRef90_A0A1Y1W8W4	0.409	483	274	0	7	470	43	525	7.209E-100	344
L0F63_007122-T1	UniRef90_A0A015L136	0.763	63	15	0	1	63	118	180	6.011E-23	100
L0F63_007123-T1	UniRef90_A0A137PC22	0.460	480	242	0	19	468	17	496	4.500E-119	400
L0F63_007127-T1	UniRef90_A0A4P9ZTL2	0.522	567	260	0	6	550	89	655	1.224E-170	556
L0F63_004678-T1	UniRef90_A0A137PC14	0.782	316	68	0	5	320	7	321	1.395E-154	506
L0F63_006745-T1	UniRef90_A0A1Y1XYZ0	0.383	673	399	0	243	889	332	1004	1.872E-124	436
L0F63_006749-T1	UniRef90_A0A137NQ53	0.449	206	113	0	1	206	1	206	1.624E-43	168
L0F63_006756-T1	UniRef90_A0A367IZQ1	0.601	480	181	0	101	554	103	582	9.664E-172	561
L0F63_006761-T1	UniRef90_A0A397S8Z4	0.341	1078	689	0	41	1087	7	1084	1.489E-174	589
L0F63_006762-T1	UniRef90_A0A137PHV6	0.593	418	158	0	1	389	28	445	1.074E-148	481
L0F63_005789-T1	UniRef90_A0A137NY19	0.510	822	384	0	9	793	46	867	2.837E-244	779
L0F63_005793-T1	UniRef90_A0A1Y1Y213	0.441	387	211	0	1	387	1	378	8.178E-88	305
L0F63_001533-T1	UniRef90_A0A137P7D4	0.828	386	64	0	17	387	8	393	9.916E-211	661
L0F63_001537-T1	UniRef90_A0A3N0YJT9	0.523	208	93	0	1	195	568	775	3.430E-57	207
L0F63_005191-T1	UniRef90_A0A068SEW8	0.643	575	200	0	5	564	68	642	1.039E-230	728
L0F63_005196-T1	UniRef90_A0A7S1ZBT7	0.542	314	142	0	3	316	237	548	3.511E-95	324
L0F63_001361-T1	UniRef90_A0A1Y1Y4U6	0.650	305	104	0	64	361	102	406	1.159E-118	393
L0F63_001374-T1	UniRef90_A0A137P1D4	0.905	86	8	0	2	87	335	420	8.679E-45	165
L0F63_001375-T1	UniRef90_A0A137P1D4	0.712	145	40	0	4	143	31	175	4.891E-59	210
L0F63_001376-T1	UniRef90_A0A137NTS5	0.281	232	87	0	2	123	45	276	3.082E-20	96
L0F63_001733-T1	UniRef90_A0A1Y1Y3G0	0.463	653	344	0	7	659	28	669	1.160E-166	548
L0F63_001740-T1	UniRef90_A0A1Y1Z4E3	0.647	822	284	0	1	822	1	806	0.000E+00	1047
L0F63_001744-T1	UniRef90_A0A137P9U1	0.529	451	202	0	10	438	1	451	5.389E-137	451
L0F63_007632-T1	UniRef90_A0A1D3K0P6	0.894	305	32	0	1	305	1	305	5.602E-168	570
L0F63_007635-T1	UniRef90_A0A7M1KP96	0.902	646	63	0	564	1209	5	650	0.000E+00	1217
L0F63_001486-T1	UniRef90_A0A1Y1Z780	0.675	563	183	0	1	563	1	563	1.000E-240	757
L0F63_001499-T1	UniRef90_A0A137PBJ8	0.492	227	114	0	16	242	75	299	6.888E-57	208
L0F63_001503-T1	UniRef90_A0A1Y1Z640	0.548	854	385	0	36	888	26	879	7.630E-280	887
L0F63_001509-T1	UniRef90_A0A4P9ZTC7	0.536	747	326	0	226	929	22	768	1.364E-233	755
L0F63_006896-T1	UniRef90_A0A137NY19	0.633	450	163	0	44	489	40	489	3.311E-173	560
L0F63_006911-T1	UniRef90_A0A1X2H5Y8	0.453	350	189	0	10	359	14	359	4.832E-81	287
L0F63_001152-T1	UniRef90_A0A1Y1XWG0	0.382	474	290	0	23	496	209	678	6.296E-87	307
L0F63_001158-T1	UniRef90_A0A137PIB5	0.624	742	276	0	2	737	8	749	4.018E-289	906
L0F63_003652-T1	UniRef90_A0A1Y1Y023	0.404	802	466	0	16	798	16	817	9.047E-168	558
L0F63_003667-T1	UniRef90_A0A2I1EW83	0.317	163	92	0	10	145	37	199	3.431E-15	83
L0F63_005361-T1	UniRef90_A0A1X2GQG9	0.387	319	170	0	52	370	23	300	2.750E-54	212
L0F63_005375-T1	UniRef90_A0A433DJB8	0.618	291	108	0	2	286	511	801	2.458E-106	353
L0F63_005377-T1	UniRef90_A0A1C7NIH8	0.759	346	83	0	3	347	30	375	3.177E-168	535
L0F63_005384-T1	UniRef90_A0A1Y1XH97	0.434	697	391	0	10	706	3	693	4.760E-162	537
L0F63_003256-T1	UniRef90_A0A397VCM5	0.478	827	426	0	6	823	3	829	2.229E-224	723
L0F63_005555-T1	UniRef90_A0A137NS83	0.351	996	631	0	50	1022	39	1034	4.668E-168	567
L0F63_005557-T1	UniRef90_A0A1Y1Z4E5	0.491	470	234	0	436	905	39	499	4.668E-122	427
L0F63_005559-T1	UniRef90_A0A137PGL2	0.343	633	398	0	33	639	9	641	4.108E-99	349
L0F63_006228-T1	UniRef90_A0A1Y1XB53	0.496	1117	543	0	81	1159	134	1250	1.057E-320	1022
L0F63_000589-T1	UniRef90_A0A1C7NAG5	0.515	516	238	0	37	527	49	564	2.203E-151	497
L0F63_000592-T1	UniRef90_A0A1R1PDS0	0.337	205	133	0	1	205	176	377	1.084E-24	113
L0F63_000610-T1	UniRef90_A0A0W0HCD6	0.902	56	5	0	3	57	352	407	1.183E-25	108
L0F63_000612-T1	UniRef90_A0A1Y1YM37	0.601	358	137	0	24	368	13	370	1.700E-127	419
L0F63_000633-T1	UniRef90_A0A137NW19	0.675	201	65	0	49	249	24	224	7.353E-79	272
L0F63_005084-T1	UniRef90_A0A137PDF1	0.616	430	158	0	108	537	32	444	1.353E-158	518
L0F63_005085-T1	UniRef90_A0A137PHZ2	0.653	569	196	0	23	591	101	667	4.734E-232	734
L0F63_005093-T1	UniRef90_A0A137P5L0	0.617	1386	526	0	2	1376	10	1395	0.000E+00	1667
L0F63_005100-T1	UniRef90_A0A1Y1WW03	0.540	488	221	0	30	517	20	501	7.969E-152	499
L0F63_003838-T1	UniRef90_A0A137PEA6	0.514	450	214	0	1	441	61	510	5.705E-131	433
L0F63_006363-T1	UniRef90_A0A137PA13	0.680	889	280	0	9	884	6	894	0.000E+00	1202
L0F63_006368-T1	UniRef90_A0A4P9WDC8	0.409	258	150	0	69	326	11	264	1.234E-47	185
L0F63_006377-T1	UniRef90_E2EYZ4	0.508	290	136	0	1	277	1	290	6.356E-79	276
L0F63_006382-T1	UniRef90_A0A137P7F6	0.466	193	90	0	4	196	20	189	9.482E-43	166
L0F63_006387-T1	UniRef90_E1SH71	0.636	278	84	0	94	325	22	299	8.567E-104	349
L0F63_004882-T1	UniRef90_A0A137P637	0.579	343	119	0	3	285	20	362	2.390E-116	384
L0F63_004883-T1	UniRef90_A0A1Y1YTN8	0.457	442	230	0	45	486	42	465	6.684E-107	365
L0F63_005988-T1	UniRef90_A0A433P8K5	0.380	223	137	0	8	229	13	235	5.783E-35	145
L0F63_005991-T1	UniRef90_A0A137P622	0.481	235	115	0	1	235	98	319	1.864E-57	209
L0F63_000570-T1	UniRef90_A0A0B7NT39	0.613	478	183	0	15	489	6	483	2.485E-178	572
L0F63_000573-T1	UniRef90_A0A137NYK0	0.757	262	61	0	17	269	141	402	1.928E-124	405
L0F63_002162-T1	UniRef90_A0A167MM25	0.459	482	250	0	102	565	23	504	4.168E-117	400
L0F63_002164-T1	UniRef90_A0A1Y1XWN3	0.558	721	318	0	30	749	35	755	5.844E-241	767
L0F63_002173-T1	UniRef90_A0A507C8M4	0.525	717	338	0	198	910	114	830	1.017E-216	706
L0F63_002177-T1	UniRef90_A0A163EA28	0.378	273	115	0	5	190	17	289	8.615E-47	176
L0F63_007603-T1	UniRef90_A0A0L0AGS5	0.882	321	38	0	270	588	7	327	2.095E-172	591
L0F63_007615-T1	UniRef90_A0A137P6W3	0.567	416	179	0	55	469	9	424	2.416E-136	452
L0F63_007618-T1	UniRef90_A0A089YQ12	0.891	415	45	0	42	456	1	415	9.310E-247	772
L0F63_007619-T1	UniRef90_A0A1H5HU35	0.959	39	2	0	27	65	1	39	9.160E-15	81
L0F63_004903-T1	UniRef90_A0A226EML3	0.561	348	151	0	5	350	2	349	2.012E-112	374
L0F63_005743-T1	UniRef90_A0A397SYV0	0.644	103	36	0	15	117	6	108	2.223E-33	134
L0F63_005745-T1	UniRef90_A0A1Y1Y9S1	0.427	339	191	0	44	382	61	394	2.806E-71	257
L0F63_005748-T1	UniRef90_A0A250WPF6	0.689	558	169	0	24	569	66	623	2.039E-244	768
L0F63_005755-T1	UniRef90_G3PJI5	0.334	247	159	0	1	247	296	534	1.425E-30	134
L0F63_005756-T1	UniRef90_A0A137P144	0.416	192	91	0	6	162	51	242	1.816E-35	142
L0F63_007540-T1	UniRef90_A0A0Q4EBL9	0.886	108	12	0	1	108	1	108	1.809E-55	201
L0F63_001087-T1	UniRef90_A0A137P4R2	0.536	1025	453	0	7	983	19	1043	0.000E+00	1037
L0F63_001090-T1	UniRef90_A0A1Y1Z2T5	0.474	1558	801	0	15	1537	9	1566	0.000E+00	1340
L0F63_001103-T1	UniRef90_A0A137NTL5	0.523	657	282	0	77	668	170	826	1.083E-197	644
L0F63_002932-T1	UniRef90_A0A4P9XPL8	0.634	538	195	0	97	630	86	623	1.380E-209	670
L0F63_002948-T1	UniRef90_A0A1Y1Z7L0	0.565	882	380	0	147	1021	159	1040	1.179E-299	953
L0F63_005247-T1	UniRef90_A0A2V0PH96	0.509	1029	489	0	24	1019	8	1036	4.844E-307	973
L0F63_005248-T1	UniRef90_A0A137P6U5	0.770	403	91	0	1	395	1	403	4.457E-201	633
L0F63_005249-T1	UniRef90_A0A137P4L4	0.356	1041	554	0	1	861	93	1133	8.079E-182	605
L0F63_005250-T1	UniRef90_A0A137NT32	0.532	865	393	0	12	852	68	932	1.806E-272	865
L0F63_000035-T1	UniRef90_A0A0L0HUE7	0.557	247	109	0	42	288	36	282	2.544E-75	264
L0F63_002647-T1	UniRef90_A0A168QQV3	0.492	277	137	0	54	324	105	381	1.827E-70	253
L0F63_002650-T1	UniRef90_A0A1X2G979	0.345	335	210	0	600	934	25	346	1.881E-44	188
L0F63_002656-T1	UniRef90_A0A1Y1YBQ7	0.499	805	391	0	283	1087	1	782	3.011E-227	744
L0F63_003889-T1	UniRef90_A0A137PGP4	0.791	431	90	0	12	442	105	535	5.222E-223	699
L0F63_003891-T1	UniRef90_A0A1D2M7J3	0.582	139	58	0	1	139	35	173	2.776E-41	158
L0F63_005067-T1	UniRef90_A0A137NU23	0.663	136	45	0	15	150	206	341	2.510E-49	181
L0F63_005068-T1	UniRef90_A0A137PCZ7	0.520	284	121	0	19	272	1	284	8.518E-81	279
L0F63_005070-T1	UniRef90_A0A397WBF7	0.463	695	357	0	51	716	82	776	8.545E-178	583
L0F63_005071-T1	UniRef90_A0A2T9Y355	0.693	121	37	0	3	123	8	128	5.037E-46	170
L0F63_003030-T1	UniRef90_A0A1Y1XPG2	0.475	283	139	0	2	266	131	413	6.216E-70	247
L0F63_006766-T1	UniRef90_A0A4P9YW51	0.634	415	152	0	4	418	21	435	1.769E-160	518
L0F63_006773-T1	UniRef90_A0A2H5TVZ1	0.483	592	292	0	5	570	245	836	1.071E-160	526
L0F63_006795-T1	UniRef90_A0A1Y1XTJ5	0.376	508	315	0	8	513	42	549	2.929E-91	321
L0F63_005148-T1	UniRef90_A0A137PAA8	0.670	360	111	0	12	349	16	375	2.559E-149	481
L0F63_005871-T1	UniRef90_A0A137PAJ6	0.549	522	221	0	16	505	15	536	2.622E-168	545
L0F63_005881-T1	UniRef90_A0A1Y1Z2G1	0.486	335	170	0	1	332	118	452	3.164E-87	301
L0F63_005911-T1	UniRef90_A0A370TXQ9	0.511	227	110	0	24	250	351	575	3.049E-59	218
L0F63_005921-T1	UniRef90_A0A1E3PDP5	0.544	272	119	0	2	264	109	380	4.823E-82	282
L0F63_005930-T1	UniRef90_A0A1Y1Y620	0.812	395	74	0	48	442	82	476	1.084E-209	661
L0F63_000822-T1	UniRef90_A0A1Y1XRQ7	0.748	1148	289	0	6	1151	15	1162	0.000E+00	1740
L0F63_000823-T1	UniRef90_A0A433DJ78	0.342	257	165	0	22	278	69	320	3.945E-34	144
L0F63_000831-T1	UniRef90_A0A1Y1ZDG8	0.518	515	241	0	77	591	124	625	2.311E-151	500
L0F63_000843-T1	UniRef90_A0A4P9XQ11	0.808	52	10	0	2	53	4	55	3.983E-19	89
L0F63_006744-T1	UniRef90_UPI0019682A17	0.377	254	135	0	27	280	2	218	9.709E-41	163
L0F63_000731-T1	UniRef90_A0A1Y1V5M3	0.354	633	337	0	162	683	29	661	3.870E-104	367
L0F63_000734-T1	UniRef90_A0A137PJ16	0.742	396	97	0	6	381	7	402	3.693E-187	597
L0F63_000741-T1	UniRef90_A0A137NUR9	0.712	532	153	0	22	553	2	533	6.718E-242	762
L0F63_000744-T1	UniRef90_A0A1Y1W8W4	0.437	469	234	0	14	429	49	517	7.195E-108	365
L0F63_000770-T1	UniRef90_A0A1X0RN08	0.777	308	68	0	2	309	27	334	6.276E-153	490
L0F63_001379-T1	UniRef90_A0A137P4Z1	0.459	299	154	0	1	286	80	378	1.813E-70	250
L0F63_001382-T1	UniRef90_A0A397T5B6	0.317	640	402	0	75	663	27	666	1.668E-86	314
L0F63_001386-T1	UniRef90_A0A137PE82	0.728	105	28	0	1	105	1	105	4.038E-41	157
L0F63_001391-T1	UniRef90_A0A137PBI8	0.655	292	93	0	2	272	24	315	6.112E-116	380
L0F63_002840-T1	UniRef90_A0A1Y1WU53	0.624	200	73	0	1	200	321	515	6.195E-71	246
L0F63_002841-T1	UniRef90_A0A137P248	0.482	247	119	0	1	231	92	338	2.228E-61	221
L0F63_003712-T1	UniRef90_A0A1Y1XAZ7	0.508	727	350	0	52	763	45	771	5.199E-213	687
L0F63_003728-T1	UniRef90_A0A1Y1VGN4	0.512	442	214	0	109	547	170	611	5.266E-126	424
L0F63_003729-T1	UniRef90_A0A137PC87	0.529	453	191	0	11	416	4	456	4.167E-138	452
L0F63_003730-T1	UniRef90_A0A2G5BB50	0.534	251	116	0	2	252	175	423	6.503E-73	255
L0F63_001683-T1	UniRef90_A0A194S558	0.514	123	59	0	1	122	713	835	1.439E-28	121
L0F63_001684-T1	UniRef90_A0A5A8DJ79	0.304	650	427	0	16	629	52	701	3.880E-82	299
L0F63_001699-T1	UniRef90_A0A137PEJ1	0.644	415	145	0	3	417	2	409	2.773E-164	528
L0F63_001713-T1	UniRef90_A0A137P6P2	0.417	522	274	0	2	472	66	587	2.007E-112	381
L0F63_003628-T1	UniRef90_A0A137PEZ8	0.765	419	97	0	15	433	2	414	1.598E-207	654
L0F63_003641-T1	UniRef90_A0A1Y1YIW6	0.560	969	425	0	16	984	12	977	0.000E+00	1035
L0F63_006477-T1	UniRef90_A0A226F2T3	0.350	537	330	0	12	548	46	553	5.119E-86	307
L0F63_006479-T1	UniRef90_A0A137PIK9	0.450	566	310	0	35	598	49	614	6.756E-135	457
L0F63_006480-T1	UniRef90_A0A4P9Z752	0.571	472	190	0	1	444	1	472	2.594E-160	518
L0F63_006487-T1	UniRef90_A0A1W4W8F1	0.903	70	7	0	10	79	25	94	2.248E-34	134
L0F63_005807-T1	UniRef90_A0A1Y1XN71	0.814	120	22	0	1	120	1	120	1.867E-57	203
L0F63_005815-T1	UniRef90_I1BZ49	0.543	222	97	0	15	227	151	372	7.273E-65	231
L0F63_005816-T1	UniRef90_A0A137PD75	0.464	438	234	0	83	519	40	477	7.157E-108	370
L0F63_005821-T1	UniRef90_A0A367J0H1	0.547	504	221	0	44	532	6	509	6.009E-161	524
L0F63_003693-T1	UniRef90_A0A397V1I7	0.374	268	162	0	15	282	9	268	7.493E-43	170
L0F63_003709-T1	UniRef90_A0A7I8JW13	0.318	470	276	0	7	411	27	496	1.130E-62	233
L0F63_006249-T1	UniRef90_A0A3M5Q7Q1	0.881	225	27	0	35	259	1	225	6.972E-128	414
L0F63_006250-T1	UniRef90_A0A1C3GSB0	0.919	403	33	0	1	403	1	403	2.612E-250	776
L0F63_006251-T1	UniRef90_C3K9G9	0.916	145	12	0	185	329	1	145	3.237E-80	280
L0F63_006252-T1	UniRef90_A0A1T2ZGG7	0.894	226	24	0	1	226	1	226	9.358E-132	423
L0F63_003361-T1	UniRef90_A0A137P5L3	0.664	88	29	0	1	88	1	88	1.155E-28	119
L0F63_003366-T1	UniRef90_A0A1Y1ZDA4	0.746	406	103	0	58	463	10	415	2.086E-193	615
L0F63_003369-T1	UniRef90_A0A1Y1XRV5	0.596	533	211	0	37	560	74	606	5.088E-192	616
L0F63_003373-T1	UniRef90_A0A137P3F8	0.785	542	111	0	1	517	1	542	4.206E-281	871
L0F63_001804-T1	UniRef90_A0A137P1D8	0.556	646	276	0	205	826	15	660	3.646E-211	685
L0F63_001808-T1	UniRef90_A0A397T7Q8	0.685	182	56	0	1	180	77	258	5.483E-73	251
L0F63_004173-T1	UniRef90_R4X913	0.600	99	39	0	1	99	1	99	2.657E-28	118
L0F63_004176-T1	UniRef90_A0A5N5QNF9	0.456	549	297	0	1	549	116	662	2.842E-135	451
L0F63_004179-T1	UniRef90_A0A4P9XS66	0.567	262	112	0	2	263	8	267	2.298E-80	287
L0F63_004192-T1	UniRef90_A0A433DMX2	0.691	420	125	0	35	439	40	459	4.301E-182	581
L0F63_004034-T1	UniRef90_A0A137NS83	0.292	1027	685	0	32	999	7	1033	6.868E-126	441
L0F63_004035-T1	UniRef90_A0A0L0HBR6	0.678	185	59	0	9	193	214	398	3.883E-70	252
L0F63_004073-T1	UniRef90_A0A162Y2C3	0.627	748	274	0	3	750	29	763	5.651E-293	918
L0F63_004074-T1	UniRef90_A0A1Y1Z694	0.479	245	126	0	5	249	30	272	1.072E-59	217
L0F63_006348-T1	UniRef90_A0A1Y1YFF8	0.593	779	286	0	1	779	1	703	9.142E-284	893
L0F63_006353-T1	UniRef90_A0A261XVU8	0.792	230	48	0	1	230	1	230	1.704E-114	375
L0F63_001444-T1	UniRef90_A0A137PJC6	0.801	369	73	0	16	384	14	382	1.597E-192	608
L0F63_001448-T1	UniRef90_A0A137NSC7	0.415	165	94	0	144	308	102	262	1.780E-26	122
L0F63_001463-T1	UniRef90_A0A4Y7QIH0	0.597	959	382	0	16	974	80	1029	0.000E+00	1107
L0F63_001467-T1	UniRef90_A0A369SAM6	0.530	386	173	0	351	720	222	607	8.172E-111	387
L0F63_004757-T1	UniRef90_A0A137P8B3	0.464	371	194	0	1	371	1	363	6.229E-91	313
L0F63_006235-T1	UniRef90_A0A433PNY4	0.533	371	169	0	57	418	49	419	8.231E-111	374
L0F63_006237-T1	UniRef90_A0A1Y1WBS0	0.449	584	311	0	162	745	135	699	6.792E-139	470
L0F63_006243-T1	UniRef90_S7PVU8	0.405	203	116	0	9	204	2	204	1.345E-35	145
L0F63_005833-T1	UniRef90_A0A197KD78	0.451	481	250	0	5	461	158	638	4.590E-116	391
L0F63_007006-T1	UniRef90_A0A507EV23	0.632	492	178	0	5	496	7	491	2.515E-191	611
L0F63_007021-T1	UniRef90_A0A433DDS4	0.487	391	188	0	4	370	38	428	3.718E-104	351
L0F63_007025-T1	UniRef90_A0A397THS0	0.385	868	496	0	9	815	25	892	1.114E-170	566
L0F63_007029-T1	UniRef90_A0A137P6W3	0.575	157	66	0	23	179	32	188	8.261E-47	176
L0F63_007035-T1	UniRef90_A0A0H2RNQ5	0.595	604	239	0	2	605	19	610	5.489E-219	697
L0F63_006612-T1	UniRef90_A0A433DG78	0.531	129	53	0	4	118	140	268	8.620E-33	132
L0F63_007550-T1	UniRef90_A0A0D6EFG1	0.690	842	245	0	21	810	12	853	0.000E+00	1160
L0F63_007562-T1	UniRef90_A0A1Y2GTD7	0.563	293	101	0	9	240	43	335	9.834E-95	317
L0F63_007568-T1	UniRef90_A0A5D6US83	0.338	490	279	0	30	452	48	537	2.228E-73	266
L0F63_000844-T1	UniRef90_A0A0C3F504	0.838	52	8	0	1	52	73	124	1.957E-20	93
L0F63_003446-T1	UniRef90_A0A137P6Y2	0.689	271	79	0	22	277	47	317	2.345E-113	375
L0F63_003451-T1	UniRef90_UPI00187D9C2E	0.721	201	56	0	25	225	187	387	6.827E-87	294
L0F63_003456-T1	UniRef90_A0A1Y1Z2C8	0.791	154	29	0	1	142	275	428	6.817E-74	252
L0F63_003464-T1	UniRef90_A0A137NXQ5	0.709	307	84	0	27	333	21	309	5.319E-135	439
L0F63_003473-T1	UniRef90_A0A068RU42	0.761	687	162	0	1	679	1	687	0.000E+00	1063
L0F63_005949-T1	UniRef90_E2EYZ4	0.687	285	89	0	26	310	6	290	1.399E-118	393
L0F63_005950-T1	UniRef90_A0A1Y1YH11	0.624	309	112	0	18	317	119	427	1.136E-114	379
L0F63_005954-T1	UniRef90_A0A1Y1XWK2	0.458	407	217	0	1	401	1	407	7.398E-99	338
L0F63_005955-T1	UniRef90_S9X9I3	0.383	192	117	0	1	192	139	328	1.270E-29	127
L0F63_002873-T1	UniRef90_A0A6A5CDE8	0.555	371	164	0	53	422	11	381	1.353E-117	394
L0F63_003896-T1	UniRef90_A0A137P9A5	0.739	141	36	0	2	142	35	173	1.365E-60	213
L0F63_003897-T1	UniRef90_A0A1Y1Y1B6	0.841	246	39	0	2	247	142	387	2.201E-133	429
L0F63_003898-T1	UniRef90_A0A137PAL0	0.665	231	76	0	1	231	11	239	3.719E-91	307
L0F63_003917-T1	UniRef90_A0A137PFG2	0.451	421	198	0	12	372	35	455	2.267E-100	342
L0F63_003928-T1	UniRef90_A0A4P9XQL7	0.747	545	131	0	1	519	1	545	2.528E-265	826
L0F63_007412-T1	UniRef90_A0A137P7J3	0.752	394	87	0	16	367	11	404	3.232E-191	603
L0F63_002406-T1	UniRef90_A0A226DZE9	0.333	509	338	0	9	517	39	545	1.212E-73	270
L0F63_002407-T1	UniRef90_A0A1Y1YP05	0.471	1290	644	0	36	1253	54	1343	0.000E+00	1103
L0F63_002423-T1	UniRef90_A0A068RH27	0.509	1640	804	0	1	1639	1	1640	0.000E+00	1548
L0F63_006712-T1	UniRef90_A0A3M5MVZ6	0.862	231	32	0	58	288	1	231	7.669E-125	415
L0F63_007648-T1	UniRef90_A0A0J8FSD8	0.879	224	27	0	32	255	2	225	4.389E-127	411
L0F63_000670-T1	UniRef90_A0A1Y1I812	0.488	155	78	0	1	155	228	380	1.779E-35	142
L0F63_000696-T1	UniRef90_A0A1X2J324	0.562	573	249	0	11	583	163	732	1.163E-191	616
L0F63_000698-T1	UniRef90_A0A137PFH7	0.540	429	169	0	13	381	54	482	3.371E-134	439
L0F63_000715-T1	UniRef90_A0A1R0GWG7	0.366	260	163	0	4	263	557	814	8.066E-40	160
L0F63_002972-T1	UniRef90_E3DC32	0.934	459	30	0	430	888	8	466	1.942E-284	900
L0F63_002974-T1	UniRef90_D8MKK2	0.762	376	83	0	1	351	36	411	5.729E-185	584
L0F63_002975-T1	UniRef90_A0A4R6PF59	0.942	395	23	0	1	395	1	395	4.809E-250	783
L0F63_002976-T1	UniRef90_D8MKJ8	0.785	1051	216	0	130	1135	12	1062	0.000E+00	1684
L0F63_007572-T1	UniRef90_A0A5E6TK15	0.938	2036	126	0	1	2036	1592	3627	0.000E+00	4002
L0F63_007582-T1	UniRef90_A0A4Q6G9U5	0.979	332	7	0	1	332	182	513	1.046E-213	687
L0F63_002348-T1	UniRef90_A0A7S7RRX6	0.577	80	33	0	73	152	267	346	3.721E-18	92
L0F63_002350-T1	UniRef90_A0A137PGL2	0.288	541	372	0	49	571	51	591	4.495E-59	229
L0F63_002361-T1	UniRef90_A0A137PDH8	0.630	1086	397	0	93	1166	28	1113	0.000E+00	1339
L0F63_002365-T1	UniRef90_A0A4P9XH45	0.664	867	285	0	1	848	1	867	0.000E+00	1140
L0F63_002582-T1	UniRef90_A0A3G7TWJ2	0.476	1085	447	0	181	1034	85	1169	2.251E-295	940
L0F63_005231-T1	UniRef90_A0A433QP50	0.436	290	150	0	63	329	158	447	7.199E-62	227
L0F63_005237-T1	UniRef90_A0A137P4X5	0.489	99	50	0	3	101	794	892	8.063E-19	92
L0F63_005238-T1	UniRef90_A0A137PF26	0.489	219	97	0	5	194	45	263	9.515E-55	199
L0F63_004606-T1	UniRef90_A0A139A500	0.529	180	83	0	30	209	106	282	6.289E-48	182
L0F63_005578-T1	UniRef90_A0A1Y1YCD4	0.613	700	267	0	47	746	54	744	7.578E-265	837
L0F63_005580-T1	UniRef90_A0A137PGU7	0.741	533	130	0	6	509	2	534	1.030E-256	801
L0F63_005589-T1	UniRef90_A0A1Y1Y8A3	0.403	418	247	0	1	415	72	489	6.366E-83	292
L0F63_005590-T1	UniRef90_A0A0C9N0Z0	0.357	344	216	0	401	737	254	597	8.959E-50	204
L0F63_005595-T1	UniRef90_A0A1Y1YEL1	0.659	354	119	0	39	387	57	410	2.500E-142	464
L0F63_000208-T1	UniRef90_A0A1Y2CXX8	0.737	539	135	0	1	513	1	539	5.306E-258	804
L0F63_002951-T1	UniRef90_A0A1X2HDC0	0.495	376	186	0	10	385	15	384	8.443E-102	346
L0F63_002962-T1	UniRef90_A0A4V1IVT4	0.498	493	243	0	1	486	40	532	9.748E-138	455
L0F63_002966-T1	UniRef90_A0A433PRN7	0.607	908	347	0	1	884	1	908	0.000E+00	1071
L0F63_001399-T1	UniRef90_A0A137PJ10	0.428	322	148	0	70	328	1	322	6.139E-67	245
L0F63_002690-T1	UniRef90_A0A137NXT9	0.548	548	236	0	19	542	16	563	6.861E-177	571
L0F63_002708-T1	UniRef90_A0A6A5WU25	0.585	435	179	0	25	457	37	471	4.137E-151	492
L0F63_002709-T1	UniRef90_A0A137P2E1	0.754	442	105	0	1	428	1	442	5.351E-216	678
L0F63_002712-T1	UniRef90_A0A1Y1YH67	0.520	737	347	0	7	730	3	739	9.376E-224	717
L0F63_002718-T1	UniRef90_A0A137NVF4	0.430	845	472	0	1	829	1	845	2.309E-194	642
L0F63_004015-T1	UniRef90_A0A6A6XZZ9	0.731	118	31	0	87	204	278	395	1.270E-46	177
L0F63_005457-T1	UniRef90_A0A137P187	0.365	476	298	0	43	513	18	493	1.772E-80	289
L0F63_005463-T1	UniRef90_A0A197JDV9	0.516	1074	492	0	20	1037	46	1119	0.000E+00	1033
L0F63_005472-T1	UniRef90_A0A137P4P8	0.297	278	187	0	3	269	47	324	5.243E-28	126
L0F63_002334-T1	UniRef90_A0A015JEJ4	0.790	99	21	0	1	99	278	376	9.888E-44	162
L0F63_002340-T1	UniRef90_A0A1Y1XZP4	0.537	570	257	0	1	555	26	595	1.795E-179	579
L0F63_000934-T1	UniRef90_A0A1Y2GKK8	0.528	300	140	0	5	304	4	301	2.414E-87	300
L0F63_004844-T1	UniRef90_A0A1X2HDH5	0.495	686	344	0	3	688	46	728	2.754E-193	627
L0F63_004854-T1	UniRef90_A0A137P1Q5	0.354	605	371	0	8	582	13	617	2.464E-100	350
L0F63_004856-T1	UniRef90_A0A4P9Y800	0.902	157	15	0	1	157	86	242	1.607E-89	298
L0F63_006678-T1	UniRef90_A0A1Y2GAS0	0.604	2177	852	0	1	2152	1	2177	0.000E+00	2546
L0F63_000472-T1	UniRef90_A0A077WIP9	0.545	172	77	0	71	242	125	295	3.505E-47	180
L0F63_000487-T1	UniRef90_A0A137PBI8	0.691	317	97	0	1	317	1	315	1.397E-135	439
L0F63_000501-T1	UniRef90_A0A2T9YM35	0.540	253	115	0	27	278	34	286	2.338E-74	261
L0F63_000313-T1	UniRef90_A0A397TNL8	0.606	77	30	0	1	77	57	133	2.642E-20	94
L0F63_000326-T1	UniRef90_A0A316UM44	0.575	287	122	0	16	302	35	321	3.726E-94	319
L0F63_002558-T1	UniRef90_A0A1Y1XK67	0.564	268	115	0	1	268	188	452	6.153E-85	291
L0F63_002559-T1	UniRef90_A0A137P609	0.627	305	101	0	6	278	10	314	1.359E-114	377
L0F63_002574-T1	UniRef90_A0A137P8Z3	0.626	568	207	0	23	577	25	592	9.184E-220	697
L0F63_002580-T1	UniRef90_A0A137P8A4	0.550	848	367	0	72	919	78	894	3.213E-278	885
L0F63_004887-T1	UniRef90_A0A137PCU1	0.372	282	172	0	1	282	9	283	8.836E-43	178
L0F63_004890-T1	UniRef90_A0A137NVQ1	0.703	188	56	0	1	188	94	281	2.402E-78	267
L0F63_004895-T1	UniRef90_A0A1Y1Z1K6	0.727	559	152	0	1	556	1	559	7.539E-263	820
L0F63_004901-T1	UniRef90_A0A137P2W6	0.689	92	28	0	1	92	45	136	2.239E-32	129
L0F63_000398-T1	UniRef90_A0A397SYC2	0.737	1392	364	0	119	1510	147	1532	0.000E+00	2071
L0F63_000425-T1	UniRef90_A0A0E9N821	0.395	325	189	0	420	733	591	915	1.073E-55	222
L0F63_000152-T1	UniRef90_I1CPJ4	0.673	931	303	0	11	937	3	933	0.000E+00	1245
L0F63_000183-T1	UniRef90_A0A4P9XXI0	0.731	146	36	0	1	146	1	134	3.720E-62	218
L0F63_000184-T1	UniRef90_A0A0L0RXN7	0.782	229	48	0	1	223	170	398	1.652E-112	368
L0F63_000189-T1	UniRef90_A0A137NX35	0.632	212	74	0	3	203	1	212	2.988E-77	265
L0F63_002842-T1	UniRef90_A0A4P9W9Z3	0.585	78	27	0	23	100	80	146	1.913E-18	91
L0F63_002856-T1	UniRef90_A0A397UFJ1	0.511	536	257	0	36	571	232	757	1.398E-155	511
L0F63_002861-T1	UniRef90_A0A1D2M7J3	0.360	459	272	0	26	451	42	500	5.732E-76	273
L0F63_002863-T1	UniRef90_A0A1X2IAG0	0.613	133	51	0	36	168	252	384	3.906E-42	162
L0F63_002985-T1	UniRef90_A0A4R6PFM4	0.905	246	23	0	1	246	16	261	7.225E-144	467
L0F63_002986-T1	UniRef90_A0A4R6PFT7	0.729	144	32	0	397	516	1	144	6.526E-54	214
L0F63_004260-T1	UniRef90_A0A397TDH4	0.581	477	176	0	9	430	11	487	2.391E-166	535
L0F63_004271-T1	UniRef90_A0A1Y1YPW4	0.452	274	144	0	13	276	18	291	2.470E-61	225
L0F63_004277-T1	UniRef90_A0A1Y1YZL6	0.494	626	286	0	144	710	53	678	2.880E-173	571
L0F63_004279-T1	UniRef90_A0A137PEI6	0.592	289	93	0	1	229	1	289	2.313E-100	333
L0F63_003814-T1	UniRef90_A0A261Y303	0.559	482	210	0	11	492	48	525	1.216E-158	516
L0F63_003821-T1	UniRef90_A0A4P9XW96	0.807	80	15	0	1	80	167	246	1.136E-34	135
L0F63_003831-T1	UniRef90_A0A1Y1YM86	0.481	1333	683	0	18	1350	21	1337	0.000E+00	1170
L0F63_003832-T1	UniRef90_A0A162TLG8	0.596	538	217	0	6	542	5	542	1.515E-194	622
L0F63_003515-T1	UniRef90_A0A3M7SU89	0.468	1311	660	0	21	1261	15	1325	0.000E+00	1111
L0F63_003526-T1	UniRef90_A0A137PFG2	0.413	455	235	0	1	402	29	483	1.112E-95	329
L0F63_007417-T1	UniRef90_A0A137P5E7	0.549	189	84	0	1	189	142	328	1.337E-54	199
L0F63_007435-T1	UniRef90_A0A1Y2H5D2	0.404	343	176	0	23	365	84	380	8.797E-66	241
L0F63_007436-T1	UniRef90_A0A3S4FHI4	0.895	1068	112	0	1142	2209	1	1068	0.000E+00	1993
L0F63_007437-T1	UniRef90_R9VQL8	0.786	536	109	0	1	510	1	536	4.269E-278	862
L0F63_004582-T1	UniRef90_A0A432ZZR8	0.588	97	39	0	1	95	83	179	1.121E-26	113
L0F63_004585-T1	UniRef90_A0A1D1YK84	0.554	504	223	0	31	532	46	549	6.320E-164	533
L0F63_004587-T1	UniRef90_A0A137PCA1	0.535	191	82	0	40	230	53	230	1.346E-52	195
L0F63_004600-T1	UniRef90_A0A1Y1XYQ1	0.675	380	118	0	4	383	107	470	2.510E-159	512
L0F63_007545-T1	UniRef90_A0A0A1HUJ0	0.917	376	31	0	1	376	1	376	1.732E-232	722
L0F63_007548-T1	UniRef90_F4P6X5	0.517	445	210	0	125	560	135	579	1.782E-128	432
L0F63_000846-T1	UniRef90_A0A137NZN8	0.555	736	325	0	12	742	27	762	2.405E-244	777
L0F63_000852-T1	UniRef90_A0A137PBQ7	0.681	258	81	0	1	258	1	256	2.199E-106	352
L0F63_000858-T1	UniRef90_A0A0L0HVI8	0.266	1124	658	0	303	1200	466	1589	2.165E-114	413
L0F63_000864-T1	UniRef90_A0A137NZP8	0.677	213	63	0	1	197	44	256	8.473E-86	289
L0F63_001310-T1	UniRef90_A0A1F6GGF5	0.435	362	200	0	18	379	103	457	1.154E-79	281
L0F63_003126-T1	UniRef90_A0A1Y1XMP8	0.757	317	77	0	9	325	4	320	1.616E-152	489
L0F63_003136-T1	UniRef90_A0A137PD38	0.738	592	152	0	1	592	1	581	2.749E-284	884
L0F63_003143-T1	UniRef90_S2JMD7	0.593	1783	717	0	5	1787	4	1765	0.000E+00	2039
L0F63_006327-T1	UniRef90_A0A4V1J2C7	0.492	307	154	0	5	308	11	317	2.406E-79	280
L0F63_006337-T1	UniRef90_A0A137P0H0	0.513	756	362	0	230	974	1	756	1.306E-221	724
L0F63_000002-T1	UniRef90_A0A1Y2GZ93	0.551	486	211	0	56	525	31	516	8.652E-156	510
L0F63_000017-T1	UniRef90_A0A4P9ZMV1	0.726	338	92	0	18	352	26	363	1.559E-154	496
L0F63_000031-T1	UniRef90_A0A137P9B5	0.286	235	162	0	17	244	272	506	5.086E-20	101
L0F63_000033-T1	UniRef90_A0A0L0HUE7	0.575	240	102	0	28	267	36	275	1.169E-76	267
L0F63_005122-T1	UniRef90_A0A137PI29	0.707	59	17	0	1	59	73	131	1.637E-16	87
L0F63_005124-T1	UniRef90_A0A1Y1VC66	0.474	399	199	0	30	408	44	442	2.073E-101	346
L0F63_005131-T1	UniRef90_A0A137PIJ3	0.375	489	284	0	3	457	7	495	3.242E-87	308
L0F63_005145-T1	UniRef90_A0A137PAC1	0.525	327	153	0	6	328	8	334	6.982E-95	324
L0F63_004327-T1	UniRef90_A0A015JSW3	0.346	5407	3364	0	44	5187	81	5487	0.000E+00	3001
L0F63_004331-T1	UniRef90_A0A1Y1YU47	0.612	1061	406	0	9	1055	67	1127	0.000E+00	1263
L0F63_000191-T1	UniRef90_A0A1Y1XZP4	0.574	570	236	0	28	581	26	595	3.412E-196	629
L0F63_000194-T1	UniRef90_A0A437BRI5	0.408	304	179	0	108	411	112	415	3.155E-57	217
L0F63_000198-T1	UniRef90_A0A137PAA3	0.633	218	80	0	5	222	3	220	9.277E-80	273
L0F63_000202-T1	UniRef90_A0A1R0H8C3	0.442	249	136	0	1	245	1	249	1.509E-53	199
L0F63_002306-T1	UniRef90_A0A1Y1YZZ7	0.422	403	210	0	137	539	115	478	1.074E-83	300
L0F63_002902-T1	UniRef90_A0A1Y1YP40	0.640	102	36	0	1	102	1	100	7.399E-33	131
L0F63_002907-T1	UniRef90_A0A1Y1YUT6	0.382	394	236	0	21	403	4	397	1.083E-70	256
L0F63_002930-T1	UniRef90_A0A137NYA4	0.550	456	201	0	27	473	27	482	6.997E-146	478
L0F63_006946-T1	UniRef90_A0A137NS83	0.350	1030	664	0	99	1121	5	1034	1.801E-172	584
L0F63_006970-T1	UniRef90_A0A4P9XV77	0.496	498	249	0	28	523	27	524	9.258E-134	458
L0F63_000516-T1	UniRef90_A0A1Y1YGM4	0.658	819	269	0	53	841	41	859	0.000E+00	1065
L0F63_000520-T1	UniRef90_UPI00189B96A3	0.329	819	519	0	203	1021	156	929	9.240E-120	424
L0F63_000531-T1	UniRef90_A0A137PBW5	0.739	1061	274	0	7	1058	10	1070	0.000E+00	1585
L0F63_000555-T1	UniRef90_A0A1Y1ZAC6	0.554	394	169	0	28	421	399	777	1.523E-125	417
L0F63_004617-T1	UniRef90_A0A137NY67	0.651	1367	467	0	3	1342	6	1372	0.000E+00	1754
L0F63_004633-T1	UniRef90_A0A4P9XWB8	0.565	550	206	0	11	485	42	591	4.395E-186	595
L0F63_004641-T1	UniRef90_A0A1Y1XKN6	0.412	352	148	0	2	253	6	357	1.473E-72	254
L0F63_004676-T1	UniRef90_A0A137P5M8	0.816	420	77	0	1	420	93	512	9.992E-226	706
L0F63_005360-T1	UniRef90_A0A226DZE9	0.350	522	305	0	16	485	31	552	7.770E-84	298
L0F63_001565-T1	UniRef90_A0A1U7LPS3	0.636	435	140	0	5	390	9	443	1.556E-170	544
L0F63_001579-T1	UniRef90_A0A137P802	0.310	426	233	0	3	340	70	495	2.033E-53	203
L0F63_001597-T1	UniRef90_A0A4P9WDI2	0.568	241	104	0	21	261	94	334	7.151E-76	264
L0F63_001603-T1	UniRef90_A0A433QYW0	0.612	106	41	0	36	141	171	276	2.364E-31	129
L0F63_001605-T1	UniRef90_A0A137P1I0	0.487	628	315	0	372	987	87	714	3.527E-167	563
L0F63_007448-T1	UniRef90_U9SPP1	0.577	422	177	0	20	441	31	449	1.311E-143	469
L0F63_000647-T1	UniRef90_A0A1Y1YLI2	0.532	552	256	0	385	932	43	594	9.278E-159	554
L0F63_000648-T1	UniRef90_A0A137PJD8	0.709	388	109	0	11	385	12	399	1.024E-173	554
L0F63_000657-T1	UniRef90_A0A4Q9N5S7	0.655	108	35	0	1	103	1137	1244	9.261E-37	143
L0F63_006580-T1	UniRef90_A0A2G5B8Z0	0.470	460	240	0	25	477	59	518	3.864E-117	394
L0F63_000327-T1	UniRef90_A0A1Y1YRS5	0.406	570	331	0	153	710	4	573	6.341E-115	400
L0F63_000328-T1	UniRef90_A0A1Y1ZDF6	0.459	273	135	0	75	347	45	294	4.110E-62	229
L0F63_000331-T1	UniRef90_A0A137PGF4	0.312	770	510	0	4	773	43	784	1.055E-103	368
L0F63_000333-T1	UniRef90_A0A2Z6Q4L7	0.518	159	71	0	4	162	9	156	2.834E-40	157
L0F63_000360-T1	UniRef90_A0A137P7U7	0.683	465	131	0	1	413	32	496	2.975E-201	634
L0F63_002807-T1	UniRef90_A0A0F7SWX8	0.544	679	309	0	28	706	41	719	1.714E-218	700
L0F63_002813-T1	UniRef90_E2EYY6	0.584	347	139	0	28	362	3	349	1.915E-118	392
L0F63_002816-T1	UniRef90_A0A2G4SKF9	0.285	347	219	0	44	390	1	307	1.805E-33	146
L0F63_002817-T1	UniRef90_A0A1Y1Y5U0	0.505	188	93	0	2	189	116	303	3.496E-46	179
L0F63_001728-T1	UniRef90_A0A2T9YM35	0.526	258	122	0	30	287	29	286	5.236E-73	257
L0F63_002889-T1	UniRef90_A0A4V1IY67	0.459	408	187	0	4	349	46	453	1.964E-100	340
L0F63_002891-T1	UniRef90_A0A1C7N285	0.316	424	283	0	69	483	132	555	2.731E-53	208
L0F63_002897-T1	UniRef90_A0A4D9AJ92	0.701	34	10	0	53	86	104	137	5.932E-05	51
L0F63_002898-T1	UniRef90_A0A137P351	0.398	358	188	0	2	314	192	549	6.112E-69	247
L0F63_002901-T1	UniRef90_A0A137PH83	0.263	369	262	0	31	386	31	399	3.959E-30	136
L0F63_007484-T1	UniRef90_A0A0L0HIM7	0.531	593	276	0	114	706	74	663	1.452E-181	593
L0F63_000217-T1	UniRef90_S8AP00	0.421	1221	706	0	2	1222	206	1425	5.598E-278	898
L0F63_000223-T1	UniRef90_A0A1Y1WDP9	0.548	1979	872	0	88	2017	146	2124	0.000E+00	2051
L0F63_000224-T1	UniRef90_A0A1Y2H3I5	0.705	312	89	0	18	318	20	331	1.177E-136	443
L0F63_003374-T1	UniRef90_A0A137NU90	0.702	519	154	0	29	546	24	542	4.900E-232	731
L0F63_005273-T1	UniRef90_A0A137PC26	0.705	302	84	0	1	302	1	287	4.027E-132	429
L0F63_005276-T1	UniRef90_A0A1C7MZ66	0.427	153	80	0	61	200	87	239	2.471E-26	118
L0F63_005282-T1	UniRef90_A0A1Y1YHC6	0.258	586	387	0	59	644	13	535	4.706E-51	205
L0F63_005291-T1	UniRef90_A0A3T0N757	0.394	105	56	0	30	134	40	133	3.365E-12	74
L0F63_005296-T1	UniRef90_A0A1X2GCY4	0.763	298	70	0	1	298	172	469	1.508E-144	464
L0F63_006717-T1	UniRef90_S2JB45	0.344	732	451	0	1	688	45	776	1.523E-117	405
L0F63_001858-T1	UniRef90_A0A137PCU2	0.484	1319	670	0	184	1483	206	1524	0.000E+00	1167
L0F63_001861-T1	UniRef90_A0A1Y1X4W5	0.757	334	81	0	1	334	1	334	1.824E-161	515
L0F63_001863-T1	UniRef90_A0A1Y1X4W5	0.761	334	80	0	32	365	1	334	6.431E-162	518
L0F63_000097-T1	UniRef90_A0A1Y1VU50	0.543	620	269	0	37	625	53	672	6.213E-198	638
L0F63_000115-T1	UniRef90_U9SWR0	0.887	168	19	0	3	170	6	172	2.089E-94	312
L0F63_003377-T1	UniRef90_A0A1Y1X240	0.784	450	95	0	1	450	1	442	5.139E-231	722
L0F63_003388-T1	UniRef90_A0A367IS08	0.391	160	82	0	3	137	25	184	1.242E-24	109
L0F63_003397-T1	UniRef90_A0A0G2I149	0.341	394	245	0	306	678	361	754	2.162E-54	217
L0F63_003401-T1	UniRef90_A0A1Y2GMU8	0.792	305	63	0	7	311	56	360	2.159E-155	496
L0F63_006179-T1	UniRef90_A0A2Z6S1F8	0.567	963	413	0	1	954	16	978	0.000E+00	1043
L0F63_000116-T1	UniRef90_A0A068RTJ7	0.306	538	359	0	229	766	202	720	8.607E-65	250
L0F63_000118-T1	UniRef90_A0A482WXS1	0.338	569	352	0	20	588	11	543	3.155E-85	308
L0F63_000124-T1	UniRef90_A0A4Q0A4Q4	0.549	835	373	0	32	859	21	855	1.834E-273	871
L0F63_007356-T1	UniRef90_A0A2Z6QZM5	0.564	394	170	0	10	400	129	522	2.528E-129	426
L0F63_007366-T1	UniRef90_D6RK63	0.685	320	98	0	5	316	1	320	2.678E-133	439
L0F63_001046-T1	UniRef90_A0A1Y1VWN1	0.497	589	280	0	7	563	6	594	4.950E-166	542
L0F63_001047-T1	UniRef90_A0A137P6J4	0.642	421	139	0	2	389	3	423	7.286E-167	534
L0F63_001063-T1	UniRef90_A0A1Y1YZB0	0.781	524	115	0	5	528	11	534	1.107E-268	836
L0F63_001070-T1	UniRef90_A0A137P211	0.783	268	58	0	20	287	1	267	4.096E-123	430
L0F63_000987-T1	UniRef90_A0A137P313	0.752	178	44	0	1	178	399	576	8.143E-81	274
L0F63_002489-T1	UniRef90_A0A077W9K1	0.386	670	404	0	26	684	389	1058	2.347E-129	439
L0F63_002491-T1	UniRef90_A0A197JQN7	0.655	304	103	0	3	306	198	497	1.836E-120	395
L0F63_002492-T1	UniRef90_A5DEL5	0.551	110	45	0	9	109	38	147	7.483E-28	118
L0F63_001757-T1	UniRef90_A0A137PER5	0.772	665	150	0	1	665	2	661	0.000E+00	1046
L0F63_003739-T1	UniRef90_A0A137P387	0.372	528	297	0	13	486	10	537	1.985E-94	329
L0F63_003747-T1	UniRef90_A0A397TTW9	0.509	352	159	0	1	324	90	441	2.591E-98	335
L0F63_003758-T1	UniRef90_A0A137P2F1	0.722	615	167	0	46	647	50	664	6.642E-287	895
L0F63_003769-T1	UniRef90_A0A433QMX8	0.616	123	43	0	1	123	166	279	4.604E-39	151
L0F63_003770-T1	UniRef90_A0A433PDE7	0.457	171	72	0	3	173	32	165	9.928E-36	144
L0F63_004496-T1	UniRef90_A4W6G3	0.880	967	116	0	270	1236	1	967	0.000E+00	1768
L0F63_007321-T1	UniRef90_A0A137NXZ7	0.617	423	158	0	44	456	47	469	1.083E-157	511
L0F63_007336-T1	UniRef90_A0A316Z934	0.344	176	107	0	2	177	159	322	1.067E-20	101
L0F63_007340-T1	UniRef90_A0A137NZ53	0.407	697	358	0	193	797	330	1026	2.264E-145	491
L0F63_003964-T1	UniRef90_A0A0U4BZI8	0.864	433	59	0	1	433	1	433	2.437E-250	777
L0F63_003982-T1	UniRef90_A0A137NPI0	0.372	239	143	0	48	286	18	245	1.161E-36	151
L0F63_006033-T1	UniRef90_A0A137P6K5	0.444	279	154	0	1	278	12	290	2.591E-61	223
L0F63_006038-T1	UniRef90_A0A1Y1Z668	0.645	706	248	0	1	706	1	699	7.518E-287	898
L0F63_006042-T1	UniRef90_A0A1X2GRL6	0.555	781	333	0	23	772	11	791	1.895E-260	825
L0F63_006045-T1	UniRef90_A0A137PCI5	0.673	725	236	0	1	723	288	1012	7.099E-311	970
L0F63_002583-T1	UniRef90_A0A0B7DIB4	0.543	541	217	0	1	476	1	541	7.198E-170	557
L0F63_002584-T1	UniRef90_A0A1H5KH24	0.887	617	68	0	151	750	1	617	0.000E+00	1140
L0F63_002596-T1	UniRef90_A0A4P9XNW8	0.461	676	344	0	166	804	9	684	4.022E-169	563
L0F63_002640-T1	UniRef90_A0A261XZR0	0.446	480	248	0	28	476	13	492	1.776E-113	384
L0F63_001258-T1	UniRef90_A0A137P4Z9	0.661	551	183	0	15	554	18	568	6.992E-229	722
L0F63_004099-T1	UniRef90_A0A137NRB2	0.566	404	172	0	1	398	1	404	1.372E-133	439
L0F63_004100-T1	UniRef90_A0A1C7NGP8	0.626	664	248	0	1	664	1	664	4.113E-258	814
L0F63_004119-T1	UniRef90_U4LHB4	0.369	259	144	0	2	230	29	287	5.511E-41	162
L0F63_004120-T1	UniRef90_A0A1Y2G058	0.561	209	90	0	1	207	123	331	2.313E-63	226
L0F63_004124-T1	UniRef90_D6TFC4	0.311	495	305	0	53	495	28	522	3.764E-63	237
L0F63_000911-T1	UniRef90_A0A137PH66	0.377	399	246	0	38	433	53	451	7.556E-70	255
L0F63_003083-T1	UniRef90_A0A137P230	0.577	317	132	0	6	317	1	317	6.810E-106	354
L0F63_003103-T1	UniRef90_A0A1Y1Z6B1	0.512	460	210	0	31	462	78	537	9.293E-133	440
L0F63_003104-T1	UniRef90_A0A1Y1Z1E1	0.461	244	127	0	39	274	93	336	1.465E-55	206
L0F63_005983-T1	UniRef90_A0A2K1Y8M7	0.298	263	177	0	29	281	107	369	1.763E-25	120
L0F63_006679-T1	UniRef90_A0A2Z6RSZ0	0.381	1050	641	0	1	1036	36	1085	2.945E-204	674
L0F63_006680-T1	UniRef90_A0A4P9XQZ4	0.533	420	179	0	7	390	10	429	1.851E-128	424
L0F63_006686-T1	UniRef90_A0A1Y1YMM3	0.305	350	199	0	1	287	73	422	3.560E-40	164
L0F63_006697-T1	UniRef90_A0A137PD75	0.557	410	175	0	7	401	73	482	4.843E-133	437
L0F63_006698-T1	UniRef90_A0A1Y1XS97	0.500	335	142	0	9	292	54	388	1.928E-90	312
L0F63_005734-T1	UniRef90_A0A137PD39	0.591	337	120	0	1	294	1	337	1.151E-117	387
L0F63_006982-T1	UniRef90_A0A137NPI1	0.471	392	183	0	5	350	6	397	4.629E-99	338
L0F63_006988-T1	UniRef90_A0A261Y1R3	0.624	712	254	0	58	734	592	1303	4.615E-272	870
L0F63_006995-T1	UniRef90_A0A137PCR6	0.657	198	68	0	40	237	87	284	1.963E-74	259
L0F63_002668-T1	UniRef90_A0A1C7NFY4	0.659	482	156	0	21	479	30	511	2.618E-198	630
L0F63_002674-T1	UniRef90_A0A1Y1XYA8	0.392	775	466	0	14	780	33	807	4.741E-155	519
L0F63_004516-T1	UniRef90_A0A075ANM3	0.594	214	84	0	2	215	4	211	5.626E-71	248
L0F63_007636-T1	UniRef90_A0A1T3AJI9	0.940	276	17	0	1	276	1	276	3.429E-173	546
L0F63_007637-T1	UniRef90_E2XUQ2	0.940	407	24	0	126	532	1	407	4.927E-253	805
L0F63_007638-T1	UniRef90_A0A0D5Y4A7	0.896	313	32	0	52	364	1	313	1.565E-185	586
L0F63_006396-T1	UniRef90_A0A6A6PYQ9	0.583	188	75	0	6	186	201	388	7.990E-60	214
L0F63_006400-T1	UniRef90_A0A137P904	0.680	476	151	0	1	476	1	472	7.253E-204	646
L0F63_006402-T1	UniRef90_A0A432ZZR8	0.623	94	35	0	1	94	96	188	4.154E-28	117
L0F63_006406-T1	UniRef90_A0A0C3P7M1	0.559	605	256	0	1	581	37	641	5.895E-202	646
L0F63_002754-T1	UniRef90_A0A4P9ZUH0	0.714	379	108	0	11	388	24	402	9.470E-171	545
L0F63_002773-T1	UniRef90_A0A137QEX0	0.627	640	235	0	41	670	11	650	8.862E-249	786
L0F63_004429-T1	UniRef90_A0A2G5BDJ7	0.565	479	200	0	24	483	17	495	4.974E-160	519
L0F63_004436-T1	UniRef90_A0A137PER1	0.593	217	83	0	7	223	34	237	6.217E-72	251
L0F63_004447-T1	UniRef90_A0A433PQP1	0.472	459	228	0	37	468	58	516	8.129E-118	396
L0F63_004455-T1	UniRef90_A0A1Y1YI77	0.551	476	209	0	22	497	2	467	5.301E-153	499
L0F63_001377-T1	UniRef90_A0A1Y1Z0H3	0.421	361	207	0	8	365	43	403	2.905E-75	269
L0F63_002428-T1	UniRef90_A0A1D1YJ60	0.627	178	66	0	1	178	44	221	1.285E-62	221
L0F63_002435-T1	UniRef90_A0A1Y1YIW6	0.480	971	503	0	14	984	12	980	4.157E-266	852
L0F63_002440-T1	UniRef90_U9UTZ8	0.511	416	186	0	124	539	82	463	1.358E-115	398
L0F63_007266-T1	UniRef90_A0A137P9B2	0.502	1246	610	0	58	1283	1	1246	0.000E+00	1156
L0F63_001635-T1	UniRef90_A0A1Y2G9Y5	0.628	945	350	0	80	1024	3	943	0.000E+00	1162
L0F63_001653-T1	UniRef90_A0A1Y1YPF2	0.679	457	146	0	10	466	2	457	6.629E-195	619
L0F63_001656-T1	UniRef90_A0A1Y1Z5C9	0.715	409	114	0	16	416	155	563	1.777E-185	589
L0F63_001666-T1	UniRef90_A0A137P1U0	0.628	509	162	0	1	437	1	509	2.282E-198	628
L0F63_001678-T1	UniRef90_A0A4D6RTG6	0.515	307	119	0	21	266	95	401	2.861E-87	297
L0F63_001546-T1	UniRef90_A0A1Y1ZCS4	0.488	503	246	0	4	484	2	504	5.010E-137	452
L0F63_002820-T1	UniRef90_U9T1X7	0.390	351	198	0	4	328	10	360	3.468E-64	235
L0F63_002830-T1	UniRef90_A0A354U7X6	0.244	689	456	0	15	703	53	656	1.836E-54	218
L0F63_002835-T1	UniRef90_A0A1Y1YQH9	0.582	236	91	0	2	220	3	238	1.646E-77	267
L0F63_003106-T1	UniRef90_A0A0B7NA00	0.491	1498	748	0	10	1480	25	1522	0.000E+00	1352
L0F63_003112-T1	UniRef90_A0A137P981	0.773	441	99	0	1	435	1	441	2.754E-222	696
L0F63_002103-T1	UniRef90_A0A137PFT0	0.691	383	118	0	8	390	7	389	2.286E-165	530
L0F63_002104-T1	UniRef90_A0A137PGP9	0.679	949	303	0	1	949	5	949	0.000E+00	1282
L0F63_002122-T1	UniRef90_UPI00187DD149	0.436	651	358	0	2	636	19	669	3.281E-150	505
L0F63_002131-T1	UniRef90_A0A316TWF5	0.521	190	90	0	24	213	6	194	1.933E-50	188
L0F63_002231-T1	UniRef90_A0A137NUT7	0.414	377	219	0	18	392	20	396	8.926E-77	274
L0F63_004237-T1	UniRef90_A0A6P3WZ40	0.676	94	29	0	25	114	12	105	1.232E-31	129
L0F63_004243-T1	UniRef90_A0A1Y1Z538	0.478	250	129	0	46	295	14	262	3.888E-60	221
L0F63_004250-T1	UniRef90_A0A137P5H4	0.549	271	121	0	34	303	24	294	2.870E-82	285
L0F63_001357-T1	UniRef90_A0A433DLB6	0.461	510	274	0	14	523	41	550	3.254E-127	426
L0F63_005301-T1	UniRef90_A0A137NVL3	0.621	471	175	0	17	487	12	474	1.532E-178	573
L0F63_005304-T1	UniRef90_A0A2U1IWT0	0.723	532	147	0	4	535	9	540	5.946E-248	776
L0F63_005306-T1	UniRef90_A0A137P717	0.509	432	208	0	40	463	37	468	9.982E-123	410
L0F63_005311-T1	UniRef90_A0A1Y1Z351	0.591	865	341	0	9	842	3	867	3.618E-315	987
L0F63_005316-T1	UniRef90_A0A226DMA9	0.215	574	338	0	83	513	162	735	1.216E-31	143
L0F63_005229-T1	UniRef90_A0A397UWG1	0.570	654	256	0	1	596	309	962	1.495E-225	715
L0F63_006822-T1	UniRef90_A0A1Y1X598	0.722	205	56	0	1	204	97	301	1.959E-89	300
L0F63_006827-T1	UniRef90_A0A137P3T7	0.807	778	150	0	1	776	1	778	0.000E+00	1288
L0F63_006831-T1	UniRef90_A0A137P3Q7	0.708	293	85	0	15	307	29	321	2.365E-128	418
L0F63_007129-T1	UniRef90_A0A367IZB5	0.415	312	180	0	62	373	32	339	2.775E-61	228
L0F63_001403-T1	UniRef90_A0A1Y1XUB0	0.676	957	306	0	17	961	27	983	0.000E+00	1285
L0F63_001412-T1	UniRef90_A0A226F1S4	0.425	833	436	0	6	764	41	873	1.917E-190	621
L0F63_001424-T1	UniRef90_A0A1Y1YHT4	0.617	753	270	0	135	887	172	877	2.321E-286	906
L0F63_001428-T1	UniRef90_A0A1Y1W6K8	0.635	136	49	0	1	136	1	135	4.453E-46	172
L0F63_001439-T1	UniRef90_A0A137NUT7	0.452	343	186	0	23	363	18	360	1.024E-79	280
L0F63_001514-T1	UniRef90_A0A397I4F0	0.449	1187	649	0	35	1212	27	1213	2.031E-296	953
L0F63_005149-T1	UniRef90_A0A068RFC4	0.432	1279	720	0	275	1543	233	1511	9.570E-300	975
L0F63_005179-T1	UniRef90_A0A137PD51	0.530	502	233	0	1	502	1	496	1.031E-153	502
L0F63_005180-T1	UniRef90_A0A0P1KTQ1	0.368	489	281	0	189	633	406	894	6.120E-82	301
L0F63_006246-T1	UniRef90_A0A1Y1YZM4	0.468	318	154	0	1	290	2	319	4.780E-78	272
L0F63_006248-T1	UniRef90_UPI000F049EE4	0.558	6994	2130	0	1	6994	1056	5875	0.000E+00	7414
L0F63_000243-T1	UniRef90_A0A137PER5	0.777	615	137	0	1	615	52	666	3.010E-315	975
L0F63_000246-T1	UniRef90_A0A137P8M3	0.446	387	168	0	59	362	6	392	3.145E-88	310
L0F63_000249-T1	UniRef90_A0A0E9NNH0	0.408	507	296	0	2	502	76	582	1.727E-104	360
L0F63_000255-T1	UniRef90_A4S0Q4	0.392	316	176	0	30	345	18	308	5.469E-57	213
L0F63_004462-T1	UniRef90_A0A137PGX3	0.643	536	185	0	3	521	5	540	1.272E-214	679
L0F63_006047-T1	UniRef90_A0A1Y1XSS4	0.487	1393	712	0	10	1402	16	1403	0.000E+00	1245
L0F63_006050-T1	UniRef90_A0A137P410	0.542	291	128	0	1	291	173	452	4.281E-88	301
L0F63_006052-T1	UniRef90_A0A197JNP2	0.441	293	138	0	73	365	35	282	3.648E-63	233
L0F63_002643-T1	UniRef90_E2EYY6	0.615	347	133	0	22	368	3	349	4.555E-127	418
L0F63_004690-T1	UniRef90_A0A137PGI5	0.299	161	72	0	2	104	33	193	1.736E-12	75
L0F63_004697-T1	UniRef90_E2EYZ7	0.400	220	130	0	71	290	41	258	2.649E-37	154
L0F63_004699-T1	UniRef90_A0A397TJQ9	0.398	1392	821	0	36	1400	41	1432	8.773E-292	946
L0F63_004701-T1	UniRef90_A0A2H5SNR7	0.454	285	150	0	5	280	223	507	1.979E-65	235
L0F63_004705-T1	UniRef90_A0A433P8F2	0.512	169	75	0	1	155	22	190	5.649E-43	164
L0F63_006563-T1	UniRef90_A0A137P1Y5	0.419	520	302	0	1	520	1	520	2.182E-112	383
L0F63_007541-T1	UniRef90_A0A172Z530	0.868	208	27	0	1	208	1	208	1.104E-113	377
L0F63_007543-T1	UniRef90_A0A0W0H779	0.945	246	13	0	1	246	1	246	1.647E-154	490
L0F63_007544-T1	UniRef90_A0A5E7L0N5	0.861	303	42	0	314	616	6	308	9.246E-166	542
L0F63_006266-T1	UniRef90_A0A1Y1YYB2	0.568	917	389	0	230	1130	2	918	4.302E-313	997
L0F63_006283-T1	UniRef90_A0A137P2I8	0.272	321	224	0	16	324	12	332	3.554E-27	125
L0F63_004394-T1	UniRef90_G0U8P4	0.386	390	208	0	13	352	25	414	1.099E-71	257
L0F63_004414-T1	UniRef90_A0A1Y1YNI0	0.857	367	52	0	1	366	1	367	1.310E-208	653
L0F63_004416-T1	UniRef90_A0A1Y1Z7L4	0.868	199	26	0	1	198	1	199	1.436E-110	361
L0F63_004423-T1	UniRef90_A0A2H5TYC3	0.364	302	166	0	6	267	35	336	3.310E-48	184
L0F63_000457-T1	UniRef90_A0A507F165	0.423	187	101	0	95	270	212	398	3.394E-33	142
L0F63_003157-T1	UniRef90_A0A433PJF4	0.810	520	99	0	1	520	39	558	2.106E-279	866
L0F63_003158-T1	UniRef90_A0A137PGV7	0.682	342	102	0	1	342	1	323	2.142E-144	466
L0F63_003191-T1	UniRef90_A0A0U4BZI8	0.866	433	58	0	1	433	1	433	5.046E-251	779
L0F63_000228-T1	UniRef90_A0A1Y1XR94	0.433	489	272	0	16	495	37	525	3.160E-110	376
L0F63_000231-T1	UniRef90_A0A397J0W9	0.726	586	160	0	6	591	4	589	1.991E-275	859
L0F63_006585-T1	UniRef90_A0A137PAV1	0.507	604	285	0	13	616	12	591	2.513E-175	571
L0F63_006592-T1	UniRef90_A0A397TPB6	0.398	411	234	0	4	392	89	499	4.278E-80	283
L0F63_006603-T1	UniRef90_A0A137PE96	0.607	215	77	0	1	198	1	215	2.812E-74	256
L0F63_006604-T1	UniRef90_A0A4P9ZMS7	0.524	473	220	0	268	731	269	741	1.632E-137	466
L0F63_007639-T1	UniRef90_Q4KFZ9	0.908	121	11	0	1	121	1	121	1.798E-67	232
L0F63_007640-T1	UniRef90_A0A3G7JV58	0.880	461	55	0	1	461	57	517	4.725E-273	844
L0F63_000565-T1	UniRef90_A0A137PFT0	0.695	372	112	0	11	379	18	389	2.990E-161	518
L0F63_000566-T1	UniRef90_A0A261XZT2	0.667	929	305	0	71	987	400	1328	0.000E+00	1229
L0F63_003345-T1	UniRef90_A0A433PAL0	0.412	485	278	0	19	491	96	580	5.603E-101	349
L0F63_005424-T1	UniRef90_A0A197JUI4	0.526	435	199	0	37	456	46	480	5.432E-130	431
L0F63_005425-T1	UniRef90_A0A1Y1ZBS2	0.784	293	63	0	4	296	3	295	6.214E-147	471
L0F63_005437-T1	UniRef90_A0A1Y1W3D8	0.709	366	105	0	101	463	176	541	1.679E-161	522
L0F63_005440-T1	UniRef90_A0A137P8C4	0.484	441	217	0	1	421	1	441	6.494E-117	393
L0F63_005455-T1	UniRef90_A0A4P9ZPH8	0.514	359	172	0	4	362	23	377	2.380E-102	346
L0F63_003591-T1	UniRef90_A0A137PG65	0.620	137	48	0	9	145	9	136	4.879E-45	169
L0F63_005024-T1	UniRef90_W6MPS7	0.439	81	39	0	3	83	1109	1179	1.139E-10	66
L0F63_005029-T1	UniRef90_A0A137PJ96	0.580	397	137	0	28	355	25	421	1.413E-136	445
L0F63_005034-T1	UniRef90_A0A137PBR1	0.418	561	302	0	69	588	65	625	5.556E-120	411
L0F63_006132-T1	UniRef90_A0A1Y1XZP4	0.603	568	222	0	20	579	27	594	6.590E-209	666
L0F63_006133-T1	UniRef90_A0A137P2T1	0.463	355	173	0	107	430	33	387	1.400E-84	299
L0F63_007485-T1	UniRef90_A0A137P3S3	0.618	362	137	0	6	364	2	363	2.433E-134	439
L0F63_007501-T1	UniRef90_A0A5E7FR11	0.979	156	3	0	1	156	1	156	7.898E-99	324
L0F63_007502-T1	UniRef90_U1TMC2	0.967	438	14	0	3	440	1	438	1.516E-282	894
L0F63_007503-T1	UniRef90_UPI000F049EE4	0.920	888	71	0	607	1492	5	892	0.000E+00	1709
L0F63_005343-T1	UniRef90_A0A4P9XNN0	0.432	1387	704	0	30	1270	4	1390	0.000E+00	1057
L0F63_005346-T1	UniRef90_A0A137PAL8	0.856	623	90	0	22	644	22	644	0.000E+00	1106
L0F63_005348-T1	UniRef90_A0A137PBR6	0.634	492	164	0	2	450	4	495	3.654E-193	614
L0F63_005350-T1	UniRef90_A0A6P6Y4X9	0.646	186	65	0	5	190	45	230	1.321E-68	239
